2 4 1
10 2 1
4 3 1
3 10 1
6 4 2
14 6 2
10 12 2
12 14 2
4 7 3
7 15 3
13 10 3
15 13 3
8 5 4
5 9 4
8 4 6
4 9 7
8 11 5
9 5 11
16 8 6
14 16 6
9 17 7
15 7 17
11 8 16
11 17 9
2474 12 10
13 2474 10
16 18 11
18 17 11
19 14 12
2698 19 12
2698 12 2474
15 20 13
20 2699 13
13 2699 2474
14 2250 16
19 27 14
27 2250 14
21 15 17
21 20 15
22 18 16
2250 22 16
18 23 17
21 17 23
26 18 22
23 18 26
27 19 33
19 31 33
2422 31 19
19 2698 2422
28 20 21
2179 20 28
32 20 2179
20 32 2465
2699 20 2465
23 28 21
2619 26 22
29 22 2250
2619 22 29
26 2610 23
23 30 28
2610 30 23
24 25 2698
24 2699 25
24 2698 2474
2699 24 2474
2622 25 36
36 25 2701
2422 25 2622
2698 25 2422
25 2699 2701
43 2610 26
2619 43 26
29 27 34
29 2250 27
27 33 34
28 30 35
2179 28 35
34 37 29
37 2619 29
30 2222 35
38 2222 30
38 30 2610
2642 33 31
31 2422 2663
2642 31 2663
2179 2593 32
2593 2465 32
2787 34 33
2787 33 2642
41 37 34
41 34 2787
35 42 2179
2222 42 35
36 44 2538
44 36 2646
2622 36 2538
36 2701 2646
45 37 41
43 37 45
37 43 2619
2222 38 46
2610 46 38
44 47 39
2538 44 39
39 47 2291
2787 39 2291
39 2787 2538
40 48 44
40 44 2537
2251 48 40
40 2179 2251
2179 40 2537
49 45 41
2291 49 41
2787 2291 41
46 50 42
42 2222 46
50 2251 42
42 2251 2179
51 43 45
51 46 43
43 46 2610
44 52 47
48 52 44
2537 44 2646
49 53 45
53 51 45
46 54 50
51 54 46
47 55 49
47 49 2291
52 55 47
56 48 50
48 2251 50
56 52 48
49 57 53
55 57 49
58 50 54
58 56 50
62 51 53
62 54 51
59 55 52
56 59 52
57 60 53
60 62 53
61 58 54
62 61 54
2176 57 55
59 2176 55
58 2202 56
2219 59 56
2202 2219 56
57 2135 60
2181 2135 57
2181 57 2176
2162 58 61
2162 2202 58
1790 2201 59
2256 1790 59
59 2201 2176
2256 59 2219
1259 62 60
2163 1259 60
2135 2167 60
2167 2163 60
1365 61 62
2164 61 1365
2166 2162 61
2164 2166 61
1259 128 62
128 1365 62
65 63 1790
65 2216 63
63 66 2135
2216 66 63
1790 63 2201
63 2135 2181
63 2181 2176
2201 63 2176
64 65 1790
2165 65 64
67 64 2162
67 2165 64
64 1790 2256
2162 64 2202
2202 64 2219
64 2256 2219
2215 71 65
65 71 2216
72 65 2165
72 2215 65
66 68 2163
2217 68 66
73 2217 66
2221 73 66
2135 66 2167
66 2163 2167
2221 66 2216
69 67 2164
69 2208 67
74 2187 67
2208 74 67
67 2162 2166
2164 67 2166
67 2187 2165
76 70 68
68 70 128
2217 76 68
68 128 1259
68 1259 2163
70 69 128
70 2207 69
128 69 1365
69 2164 1365
2207 2208 69
76 78 70
78 77 70
70 77 2207
79 73 71
71 73 2221
75 79 71
75 71 2215
71 2221 2216
74 80 72
74 72 2187
80 75 72
72 75 2215
2187 72 2165
81 76 73
73 76 2217
81 73 79
82 74 77
77 74 2207
80 74 82
2207 74 2208
83 79 75
80 83 75
84 78 76
81 84 76
77 78 86
77 85 82
77 86 85
84 86 78
2364 81 79
2352 79 83
2352 2364 79
82 2338 80
2338 83 80
81 2389 84
2376 81 2364
2376 2403 81
2403 2389 81
85 2405 82
82 2375 2338
2404 2375 82
2405 2404 82
2351 2327 83
2327 2352 83
2351 83 2338
2398 86 84
2389 2413 84
2413 2398 84
86 2397 85
2397 2420 85
2420 2405 85
86 2424 2397
2424 86 2398
88 121 87
88 87 2398
89 87 122
87 89 2397
129 87 121
87 129 122
2397 2424 87
2424 2398 87
121 88 90
90 88 2389
88 2413 2389
88 2398 2413
89 122 91
89 91 2405
89 2420 2397
89 2405 2420
90 93 113
93 90 2376
113 117 90
117 121 90
2376 90 2403
90 2389 2403
94 91 114
91 94 2375
118 114 91
122 118 91
91 2375 2404
2405 91 2404
93 92 103
92 93 2352
94 92 2351
92 94 2462
2462 103 92
92 2327 2351
92 2352 2327
93 103 113
93 2364 2352
93 2376 2364
2462 94 114
94 2351 2338
2375 94 2338
101 95 97
95 119 97
101 109 95
109 104 95
104 135 95
135 119 95
96 102 98
120 96 98
110 102 96
105 110 96
136 105 96
120 136 96
99 101 97
111 99 97
119 111 97
102 100 98
100 112 98
112 120 98
101 99 106
115 106 99
99 111 127
127 115 99
100 102 107
124 100 107
108 112 100
116 108 100
116 100 124
106 141 101
141 109 101
142 107 102
110 142 102
134 113 103
114 134 103
114 103 2462
109 154 104
174 135 104
154 137 104
137 174 104
155 110 105
136 175 105
138 155 105
175 138 105
115 123 106
166 106 123
166 141 106
167 124 107
142 167 107
169 112 108
144 108 116
204 108 144
204 169 108
141 160 109
160 154 109
110 161 142
155 161 110
119 168 111
111 168 127
120 112 169
113 147 117
134 130 113
130 147 113
148 114 118
131 134 114
114 148 131
125 123 115
143 125 115
127 143 115
124 126 116
126 144 116
156 121 117
156 117 147
157 118 122
118 157 148
135 207 119
207 168 119
136 120 208
169 208 120
2526 129 121
156 2526 121
129 157 122
125 132 123
166 123 132
133 126 124
167 133 124
139 132 125
143 139 125
133 140 126
140 144 126
203 143 127
168 203 127
157 129 153
129 2526 153
134 2320 130
145 162 130
2320 145 130
195 147 130
162 195 130
134 131 2319
163 146 131
2319 131 146
148 196 131
196 163 131
139 149 132
149 181 132
172 166 132
181 172 132
140 133 150
173 150 133
167 173 133
2301 134 2319
2301 2320 134
174 247 135
247 207 135
248 175 136
208 248 136
154 205 137
179 174 137
205 179 137
206 155 138
175 180 138
180 206 138
143 183 139
151 149 139
183 151 139
184 144 140
150 152 140
152 184 140
141 234 160
166 234 141
161 235 142
242 167 142
235 242 142
228 183 143
203 228 143
184 229 144
229 204 144
158 162 145
158 145 2682
176 145 2401
2682 145 176
2503 145 2320
2401 145 2503
163 159 146
146 159 2406
2409 2319 146
2406 2615 146
2615 2409 146
215 156 147
195 215 147
157 216 148
216 196 148
164 149 151
164 192 149
197 181 149
192 185 149
185 197 149
165 152 150
150 2728 165
173 182 150
182 198 150
198 186 150
2728 150 186
187 164 151
219 151 183
217 187 151
219 217 151
165 188 152
220 184 152
220 152 188
202 157 153
178 153 201
202 153 178
153 2526 201
160 223 154
293 205 154
223 293 154
224 161 155
294 155 206
294 224 155
201 156 215
156 201 2526
202 216 157
303 162 158
170 277 158
2682 170 158
277 303 158
2395 159 163
2395 171 159
2406 159 171
265 223 160
234 265 160
224 266 161
266 235 161
311 195 162
311 162 303
196 312 163
312 304 163
304 2395 163
199 164 187
199 192 164
200 188 165
191 200 165
2728 191 165
230 166 172
230 2498 166
2498 234 166
167 231 173
242 231 167
283 203 168
168 207 281
281 283 168
284 169 204
282 208 169
169 284 282
193 245 170
2488 193 170
245 277 170
2488 170 2491
2682 2491 170
171 2245 194
2446 171 194
278 2245 171
278 171 2395
2625 2406 171
171 2446 2486
171 2486 2625
181 257 172
257 230 172
182 173 258
231 258 173
179 240 174
240 309 174
309 247 174
241 180 175
310 241 175
248 310 175
209 176 2394
2488 176 209
176 2444 2394
2401 2444 176
2488 2491 176
2491 2682 176
210 2505 177
2586 210 177
2505 2409 177
177 2409 2615
2615 2586 177
289 178 201
289 202 178
189 240 179
253 189 179
205 253 179
241 190 180
190 254 180
254 206 180
197 261 181
261 257 181
262 198 182
258 262 182
219 183 263
228 263 183
220 2252 184
264 229 184
264 184 2252
192 222 185
227 197 185
222 227 185
221 191 186
191 2728 186
198 221 186
213 199 187
213 187 217
200 214 188
214 218 188
218 220 188
189 238 193
193 2408 189
236 240 189
2408 236 189
253 238 189
194 239 190
2410 194 190
241 237 190
237 2410 190
254 190 239
226 200 191
221 212 191
191 212 226
199 225 192
211 222 192
211 192 225
193 209 2408
2488 209 193
238 245 193
246 239 194
2245 246 194
2410 2446 194
267 215 195
360 267 195
311 360 195
268 196 216
268 361 196
196 361 312
287 197 227
287 261 197
259 221 198
198 291 259
262 288 198
198 288 291
213 243 199
199 243 225
244 214 200
244 200 226
215 301 201
301 289 201
302 216 202
289 302 202
298 228 203
283 298 203
229 299 204
299 284 204
293 253 205
254 294 206
247 307 207
281 207 307
208 308 248
282 308 208
209 2370 2346
209 2346 2408
2394 2370 209
237 2335 210
237 210 2460
2335 328 210
328 2505 210
2460 210 2446
210 2487 2446
2487 210 2586
211 232 222
225 252 211
211 252 232
233 212 221
251 226 212
233 251 212
213 217 249
249 243 213
250 218 214
244 250 214
267 331 215
331 301 215
332 268 216
302 332 216
255 217 219
255 249 217
220 218 256
250 256 218
296 255 219
263 296 219
220 256 297
2252 220 297
259 233 221
260 227 222
232 260 222
265 356 223
223 356 293
357 266 224
294 357 224
243 274 225
272 252 225
274 272 225
226 275 244
251 273 226
273 275 226
292 227 260
292 287 227
263 228 315
298 315 228
316 229 264
316 299 229
323 230 257
230 323 2498
242 324 231
258 231 324
252 279 232
290 260 232
279 290 232
233 280 251
259 2782 233
2782 280 233
234 2255 265
2255 234 350
350 234 2498
2469 242 235
235 266 2469
2253 240 236
377 2253 236
2334 377 236
2346 2334 236
2346 236 2408
2254 237 241
2254 378 237
378 2390 237
2390 2335 237
237 2460 2410
238 442 245
253 432 238
432 442 238
443 239 246
433 254 239
443 433 239
380 309 240
2253 380 240
381 241 310
381 2254 241
351 324 242
345 351 242
345 242 2469
249 269 243
269 274 243
270 250 244
275 270 244
442 277 245
443 246 278
278 246 2245
375 307 247
309 375 247
308 376 248
376 310 248
255 285 249
269 249 285
250 286 256
286 250 270
280 273 251
279 252 272
293 389 253
389 432 253
294 254 390
390 254 433
325 285 255
296 325 255
326 256 286
326 297 256
261 319 257
257 319 323
320 262 258
324 320 258
259 291 2709
2709 2782 259
290 295 260
295 292 260
261 287 333
333 319 261
288 262 334
262 320 334
335 296 263
315 335 263
264 297 336
297 264 2252
316 264 336
356 265 2255
357 2469 266
368 331 267
360 368 267
332 369 268
369 361 268
269 317 274
285 313 269
317 269 313
318 270 275
270 314 286
318 314 270
2455 2401 271
271 2401 2509
271 2509 2438
271 2438 2620
271 2550 2455
271 2660 2550
2660 271 2620
337 272 274
337 279 272
273 338 275
280 2521 273
2521 338 273
317 329 274
329 337 274
330 318 275
338 330 275
276 2534 2561
276 2587 2534
2660 276 2561
2587 276 2562
276 2660 2562
514 303 277
442 514 277
304 515 278
304 278 2395
515 443 278
306 290 279
300 306 279
337 300 279
305 2521 280
2782 305 280
283 281 385
307 385 281
284 386 282
386 308 282
298 283 373
385 373 283
374 284 299
374 386 284
285 348 313
348 285 325
314 349 286
349 326 286
292 340 287
333 287 2571
340 382 287
382 2571 287
288 341 291
334 2592 288
288 383 341
2592 383 288
301 439 289
440 302 289
439 441 289
441 440 289
321 295 290
306 321 290
341 355 291
355 2709 291
295 346 292
354 340 292
346 354 292
356 458 293
458 389 293
459 357 294
390 459 294
321 346 295
2559 325 296
2533 296 335
296 2533 2559
370 297 326
336 297 409
370 409 297
362 315 298
373 362 298
316 363 299
363 374 299
300 342 306
337 353 300
342 300 411
411 300 353
331 478 301
478 439 301
332 302 479
440 479 302
512 311 303
514 512 303
312 513 304
513 515 304
322 343 305
2782 322 305
305 343 2521
306 342 321
375 426 307
307 426 385
427 376 308
386 427 308
462 375 309
380 462 309
376 463 310
381 310 463
533 360 311
512 533 311
361 534 312
312 534 513
379 317 313
348 395 313
313 395 379
318 445 314
314 394 349
445 394 314
335 315 371
362 371 315
415 316 336
363 316 372
415 372 316
396 329 317
379 396 317
397 318 330
397 445 318
323 319 391
319 333 358
358 364 319
319 364 391
324 392 320
334 320 359
365 359 320
392 365 320
342 367 321
367 346 321
322 366 343
322 347 400
347 322 2709
400 366 322
2709 322 2782
350 323 398
2498 323 350
323 391 398
324 351 419
392 324 399
324 419 399
448 348 325
325 2559 448
349 393 326
370 326 393
339 475 327
2534 339 327
2230 377 327
327 377 2334
475 2230 327
2370 327 2334
2454 327 2370
2534 327 2454
328 475 339
339 2587 328
526 475 328
2390 526 328
2390 328 2335
328 2587 2505
387 337 329
396 387 329
338 388 330
388 397 330
368 535 331
535 478 331
536 369 332
479 536 332
412 358 333
412 333 2571
359 2592 334
371 414 335
414 408 335
408 2533 335
336 409 2496
415 336 2496
387 353 337
352 388 338
352 338 2521
2587 339 2534
416 340 354
416 382 340
355 341 417
383 405 341
341 405 417
411 367 342
384 352 343
343 352 2521
366 410 343
410 384 343
350 428 344
2255 350 344
428 406 344
344 406 2255
429 351 345
407 429 345
2469 407 345
423 354 346
367 401 346
401 423 346
424 347 355
355 347 2709
400 347 424
348 438 395
348 448 438
349 437 393
394 437 349
350 398 418
350 418 428
429 419 351
352 384 494
480 388 352
480 352 494
387 422 353
449 411 353
422 481 353
481 449 353
416 354 423
424 355 417
468 356 406
356 2255 406
458 356 468
469 407 357
357 407 2469
459 469 357
358 402 364
402 358 412
403 359 365
403 2592 359
561 368 360
533 561 360
369 562 361
562 534 361
391 371 362
398 362 373
398 391 362
363 372 392
363 399 374
363 392 399
364 2480 391
402 2480 364
421 365 392
365 421 403
400 430 366
430 410 366
431 401 367
411 431 367
561 535 368
536 562 369
493 370 393
2595 409 370
2595 370 493
2690 371 391
2690 414 371
372 415 392
385 418 373
398 373 418
386 374 419
374 399 419
482 426 375
462 482 375
427 483 376
483 463 376
2197 380 377
377 380 2253
525 559 377
525 377 2230
559 2197 377
381 2218 378
381 378 2254
560 526 378
378 526 2390
2218 560 378
425 379 395
425 396 379
553 462 380
2197 553 380
463 554 381
554 2218 381
404 382 416
382 404 2611
2512 412 382
382 412 2571
382 2611 2512
383 2569 405
383 2592 413
2664 383 413
383 2664 2569
410 457 384
457 494 384
418 385 428
385 426 460
460 428 385
419 429 386
386 461 427
429 461 386
396 422 387
491 397 388
473 388 480
473 491 388
575 432 389
2445 389 458
2445 575 389
433 576 390
390 576 459
2480 2690 391
392 415 2692
392 2692 421
437 493 393
446 437 394
446 394 445
444 425 395
438 447 395
447 444 395
396 490 422
425 436 396
436 490 396
488 445 397
508 488 397
491 508 397
424 435 400
435 430 400
423 401 434
431 434 401
412 2567 402
420 2480 402
2567 420 402
453 413 403
403 413 2592
421 2566 403
2566 453 403
464 404 416
2611 404 464
417 405 465
405 2569 465
428 460 406
406 460 468
429 407 461
461 407 469
414 2739 408
408 2559 2533
408 2695 2559
2695 408 2739
467 409 474
467 2674 409
2595 474 409
2496 409 2674
457 410 430
431 411 456
456 411 449
412 502 452
452 2567 412
2512 502 412
2785 413 453
2785 2664 413
450 466 414
450 414 2691
466 2739 414
2691 414 2690
2674 451 415
415 451 2692
2496 2674 415
416 423 486
486 464 416
424 417 487
487 417 465
470 450 420
450 2691 420
2567 470 420
2691 2480 420
2566 421 2692
422 472 481
490 472 422
423 434 496
496 486 423
435 424 497
497 424 487
444 436 425
460 426 482
461 483 427
435 455 430
457 430 455
434 431 454
454 431 456
442 432 2322
575 2257 432
2257 2322 432
433 443 2240
624 576 433
2240 624 433
454 496 434
497 455 435
444 489 436
489 509 436
509 490 436
446 501 437
493 437 501
438 500 447
492 438 448
492 500 438
439 601 441
478 595 439
595 601 439
441 601 440
479 440 596
596 440 601
2171 514 442
442 2322 2171
515 2173 443
2240 443 2173
447 489 444
445 488 446
488 505 446
505 501 446
504 489 447
500 504 447
2529 492 448
2529 448 2559
495 456 449
481 517 449
517 495 449
466 450 484
450 470 484
485 471 451
471 2566 451
485 451 2674
451 2566 2692
476 452 2532
452 476 2567
2640 452 502
2532 452 2640
477 2531 453
477 453 2566
2576 453 2531
2576 2785 453
454 456 506
506 496 454
494 457 455
507 494 455
497 507 455
456 495 506
458 468 2386
458 2386 2445
2379 469 459
576 2379 459
460 523 468
523 460 482
469 524 461
524 483 461
579 482 462
553 579 462
483 580 463
554 463 580
486 498 464
464 498 2611
487 465 499
465 2569 499
466 484 2659
2659 521 466
2695 466 521
466 2695 2739
474 2582 467
467 485 2674
485 467 2804
467 2582 2804
468 523 2386
2379 524 469
470 476 2493
476 470 2567
484 470 2608
2608 470 2493
477 471 2527
471 477 2566
485 2607 471
2607 2527 471
530 481 472
490 569 472
569 530 472
473 480 516
473 2789 491
2643 473 516
2643 2489 473
2489 2789 473
522 2582 474
474 2595 522
618 525 475
475 525 2230
526 618 475
476 2572 2493
476 2532 2572
477 2527 2633
477 2633 2531
616 478 535
616 595 478
479 617 536
596 617 479
2788 480 494
2788 516 480
481 548 517
530 591 481
591 548 481
523 482 579
524 580 483
2608 2579 484
2659 484 2579
485 2804 2607
486 496 510
510 498 486
497 487 511
487 499 511
488 520 505
532 488 508
532 520 488
519 489 504
489 531 509
531 489 519
509 557 490
490 557 572
490 572 569
491 2789 508
500 492 541
521 541 492
521 492 2529
493 501 2721
522 2595 493
493 2721 522
518 494 507
518 2788 494
551 506 495
495 517 551
510 496 506
497 511 507
539 502 498
2611 498 502
539 498 510
503 540 499
2785 503 499
511 499 540
2569 2785 499
500 563 504
541 563 500
505 2729 501
2729 2721 501
539 527 502
527 2640 502
2512 2611 502
528 2541 503
528 503 2576
2541 540 503
2785 2576 503
504 563 519
520 564 505
564 2729 505
506 545 510
506 551 545
511 546 507
552 518 507
546 552 507
532 508 558
558 508 2789
531 557 509
510 545 539
540 546 511
514 2214 512
627 533 512
2214 627 512
2227 515 513
628 513 534
628 2227 513
637 514 2180
637 2214 514
2180 514 2171
638 2182 515
2227 638 515
515 2182 2173
592 529 516
2643 516 529
547 592 516
547 516 2788
517 548 551
552 547 518
547 2788 518
537 531 519
563 537 519
532 538 520
538 564 520
541 521 2372
2591 2372 521
2695 521 2529
2591 521 2658
2658 521 2659
2354 522 542
2721 542 522
544 522 2354
522 544 2768
522 2768 2582
523 579 612
523 612 2386
580 524 613
613 524 2379
525 625 559
625 525 618
560 626 526
626 618 526
527 539 585
577 527 585
527 577 2532
2532 2640 527
578 528 2531
2541 528 578
2531 528 2576
529 592 570
529 570 2643
591 530 569
537 557 531
558 538 532
633 561 533
627 633 533
562 634 534
634 628 534
561 631 535
619 616 535
631 619 535
632 562 536
617 620 536
620 632 536
581 557 537
563 581 537
558 582 538
582 564 538
545 2472 539
2472 585 539
600 546 540
2541 586 540
586 2671 540
2671 600 540
563 541 2598
2348 541 2372
2598 541 2348
542 2384 2354
542 2381 2384
2381 542 2729
2721 2729 542
555 543 2555
555 2741 543
543 2372 2591
543 2741 2372
2555 543 2738
543 2591 2658
2738 543 2658
544 556 2583
556 544 2743
2743 544 2354
544 2583 2768
599 545 551
545 599 2472
552 546 600
547 552 573
573 584 547
547 584 592
548 574 551
583 574 548
591 583 548
2473 549 565
549 2608 565
2473 2542 549
549 2542 2581
2608 549 2581
566 2527 550
2528 566 550
2433 605 550
605 2528 550
2583 2433 550
2607 550 2527
2607 2583 550
574 599 551
573 552 600
559 553 2197
559 2225 553
621 579 553
553 2225 621
554 560 2218
2318 560 554
580 622 554
2318 554 622
555 2555 2581
2581 2717 555
2748 555 2717
2748 2741 555
2583 556 2433
556 2759 2433
2747 556 2743
2747 2759 556
581 572 557
571 582 558
558 2539 571
558 2789 2539
625 635 559
559 635 2225
636 626 560
560 2318 636
633 631 561
632 634 562
581 563 597
563 2598 597
582 2783 564
564 2381 2729
2783 2381 564
577 610 565
577 565 2572
2473 565 610
2572 565 2493
565 2608 2493
578 566 2528
566 578 2633
566 2633 2527
567 2300 575
567 575 2445
629 567 612
612 567 2386
629 2300 567
2386 567 2445
2329 568 576
576 568 2379
630 613 568
568 613 2379
630 568 2329
572 587 569
587 606 569
606 591 569
570 588 571
2539 570 571
607 588 570
592 607 570
2643 570 2539
582 571 598
594 571 588
571 594 598
581 593 572
587 572 593
600 584 573
583 599 574
575 623 2257
2300 623 575
624 2329 576
577 585 602
602 610 577
577 2572 2532
578 586 2541
586 578 2678
578 2528 611
611 2678 578
2633 578 2531
579 621 612
580 613 622
593 581 597
582 598 2783
591 608 583
602 599 583
602 583 608
584 607 592
600 603 584
609 584 603
609 607 584
602 585 2651
2651 585 2472
586 603 2671
586 2678 603
614 587 593
614 606 587
588 615 594
615 588 607
589 2183 2377
2183 589 2748
2598 2348 589
589 2348 2741
589 2377 2598
2748 589 2741
590 2184 2747
2786 2184 590
590 2743 2384
2384 2786 590
2747 2743 590
606 608 591
2183 593 597
614 593 604
2183 604 593
598 594 2786
594 615 605
594 605 2184
594 2184 2786
601 595 641
595 616 644
595 644 641
596 601 642
617 596 645
596 642 645
2183 597 2377
2377 597 2598
598 2786 2783
2651 599 602
599 2651 2472
603 600 2671
643 601 641
601 643 642
608 610 602
611 609 603
611 603 2678
610 614 604
610 604 2473
2183 2748 604
2473 604 2679
604 2717 2679
2748 2717 604
611 2528 605
2604 611 605
2604 605 615
2184 605 2759
2433 2759 605
606 614 608
607 609 615
608 614 610
611 2604 609
609 2604 615
621 629 612
622 613 630
644 616 619
645 620 617
646 625 618
626 646 618
631 647 619
647 644 619
648 632 620
645 648 620
653 629 621
621 635 653
2225 635 621
622 630 654
636 622 654
636 2318 622
664 639 623
623 639 2322
664 623 649
649 623 2300
623 2322 2257
640 665 624
640 624 2240
665 650 624
650 2329 624
2209 635 625
646 651 625
625 651 2209
636 2416 626
652 646 626
2416 652 626
662 633 627
637 668 627
627 2214 637
627 668 662
634 663 628
669 638 628
628 638 2227
669 628 663
653 649 629
629 649 2300
650 654 630
650 630 2329
633 658 631
631 670 647
658 676 631
631 676 670
659 634 632
671 632 648
677 659 632
677 632 671
662 658 633
659 663 634
666 653 635
666 635 2209
654 667 636
2416 636 667
637 2180 639
2233 637 639
668 637 2233
638 640 2182
640 638 2297
2297 638 669
664 674 639
639 674 2233
2180 2171 639
2171 2322 639
675 665 640
675 640 2297
2182 640 2173
2240 2173 640
641 657 643
644 655 641
655 657 641
643 657 642
656 645 642
642 657 656
647 660 644
660 655 644
661 648 645
661 645 656
678 651 646
652 678 646
670 660 647
661 671 648
653 664 649
665 654 650
666 651 672
2209 651 666
672 651 679
678 679 651
667 673 652
652 2416 667
673 680 652
680 678 652
664 653 666
665 667 654
687 657 655
660 687 655
657 688 656
688 661 656
687 693 657
657 693 688
662 685 658
685 676 658
686 663 659
677 686 659
670 696 660
696 687 660
697 671 661
688 697 661
668 689 662
689 685 662
690 669 663
686 690 663
666 2568 664
681 674 664
2568 681 664
667 665 2574
682 665 675
2574 665 682
672 2568 666
673 667 2574
698 668 674
2233 674 668
694 689 668
698 694 668
699 675 669
675 2297 669
695 669 690
669 695 699
676 700 670
700 696 670
701 677 671
697 701 671
683 672 679
672 681 2568
2686 681 672
2686 672 683
673 684 680
673 2574 682
2687 673 682
2687 684 673
681 691 674
674 691 698
692 682 675
692 675 699
685 702 676
702 700 676
703 686 677
701 703 677
704 679 678
680 705 678
710 704 678
705 710 678
683 679 706
704 706 679
684 707 680
707 705 680
691 681 2686
692 2687 682
708 691 683
691 2686 683
706 708 683
709 684 692
2687 692 684
709 707 684
689 711 685
685 711 702
712 690 686
703 712 686
719 693 687
696 720 687
720 719 687
693 719 688
721 697 688
719 721 688
694 713 689
713 711 689
714 695 690
714 690 712
698 691 708
709 692 699
698 715 694
694 715 713
716 699 695
716 695 714
700 722 696
722 720 696
723 701 697
721 723 697
717 698 708
717 715 698
718 709 699
716 718 699
702 724 700
724 722 700
701 725 703
723 725 701
711 726 702
726 724 702
727 712 703
725 727 703
739 706 704
710 728 704
728 737 704
737 739 704
740 705 707
728 710 705
738 728 705
740 738 705
735 708 706
739 735 706
709 736 707
736 740 707
731 717 708
735 731 708
718 736 709
729 711 713
711 2175 726
729 2195 711
2195 2175 711
712 730 714
2174 712 727
2186 730 712
2174 2186 712
715 729 713
730 716 714
717 733 715
733 729 715
718 716 734
730 734 716
717 731 733
718 734 732
718 732 736
720 741 719
741 721 719
722 742 720
742 741 720
743 723 721
741 743 721
744 722 724
744 742 722
723 745 725
745 723 743
726 746 724
746 744 724
747 727 725
745 747 725
748 746 726
2175 748 726
747 749 727
749 2174 727
760 737 728
738 760 728
733 752 729
752 750 729
729 750 2195
753 734 730
751 753 730
751 730 2186
756 733 731
735 761 731
761 756 731
734 757 732
732 762 736
757 762 732
756 752 733
757 734 753
739 754 735
754 763 735
763 761 735
736 755 740
764 755 736
762 764 736
758 739 737
760 758 737
740 759 738
759 760 738
758 754 739
755 759 740
742 769 741
769 743 741
744 765 742
765 769 742
766 745 743
769 766 743
746 770 744
770 765 744
771 747 745
766 771 745
748 767 746
770 746 767
768 749 747
747 771 768
750 772 748
750 748 2175
772 767 748
773 751 749
749 751 2174
768 773 749
774 750 752
750 2235 772
774 791 750
791 2235 750
750 2175 2195
751 775 753
2279 751 773
775 751 792
2279 792 751
2174 751 2186
756 774 752
775 757 753
758 778 754
778 763 754
779 759 755
764 779 755
761 785 756
785 774 756
786 762 757
775 786 757
760 776 758
776 778 758
777 760 759
779 777 759
780 776 760
777 780 760
783 761 763
783 781 761
781 785 761
762 784 764
782 784 762
786 782 762
778 783 763
784 779 764
787 769 765
770 787 765
788 766 769
788 771 766
770 767 789
772 2172 767
767 2185 789
2172 2185 767
768 771 790
2168 773 768
2204 768 790
2204 2168 768
787 2051 769
2051 788 769
770 789 787
788 790 771
793 2172 772
2235 793 772
2168 794 773
794 2279 773
785 799 774
799 791 774
800 786 775
792 800 775
776 795 778
780 795 776
779 796 777
796 780 777
801 783 778
795 801 778
784 802 779
802 796 779
780 2231 795
2231 780 796
783 797 781
803 785 781
797 803 781
798 784 782
786 804 782
804 798 782
801 797 783
798 802 784
805 799 785
803 805 785
800 806 786
806 804 786
789 807 787
807 813 787
813 815 787
787 815 2051
808 790 788
814 808 788
815 814 788
815 788 2051
789 2263 807
2185 2263 789
808 2262 790
2262 2204 790
811 793 791
793 2235 791
811 791 799
794 812 792
794 792 2279
812 800 792
816 809 793
793 809 2172
811 816 793
810 817 794
810 794 2168
817 812 794
827 801 795
827 795 820
2231 820 795
802 828 796
828 820 796
820 2231 796
801 2239 797
797 821 803
2239 821 797
2238 802 798
804 822 798
822 2238 798
805 818 799
818 811 799
819 806 800
812 819 800
823 801 827
823 2239 801
824 828 802
2238 824 802
825 805 803
821 825 803
806 826 804
826 822 804
829 818 805
825 829 805
819 830 806
830 826 806
809 835 807
2263 809 807
850 813 807
835 850 807
836 810 808
808 810 2262
814 851 808
851 836 808
816 831 809
831 835 809
2172 809 2185
2185 809 2263
832 817 810
836 832 810
810 2168 2204
810 2204 2262
833 816 811
818 833 811
817 834 812
834 819 812
839 815 813
850 839 813
815 840 814
840 851 814
839 849 815
849 840 815
833 831 816
832 834 817
829 837 818
837 833 818
838 830 819
838 819 834
820 2358 827
828 2357 820
2357 866 820
866 2358 820
821 823 845
823 821 2239
845 825 821
822 846 824
822 824 2238
826 846 822
852 823 827
852 845 823
824 853 828
853 824 846
841 829 825
843 841 825
845 843 825
830 842 826
842 844 826
846 826 844
869 852 827
2358 869 827
853 870 828
870 2357 828
841 837 829
838 842 830
833 854 831
835 831 854
855 834 832
832 836 855
837 847 833
847 854 833
848 838 834
855 848 834
877 850 835
877 835 854
851 878 836
836 878 855
841 856 837
837 856 847
857 842 838
848 857 838
873 849 839
850 873 839
849 874 840
874 851 840
843 862 841
858 856 841
862 858 841
863 844 842
857 859 842
859 863 842
845 864 843
864 862 843
865 846 844
863 865 844
852 2400 845
2400 864 845
846 861 853
865 861 846
879 854 847
856 875 847
875 879 847
855 880 848
876 857 848
880 876 848
873 898 849
898 874 849
850 894 873
877 894 850
895 851 874
895 878 851
867 860 852
852 860 2400
869 867 852
861 868 853
853 868 870
892 877 854
879 892 854
878 893 855
893 880 855
858 883 856
883 875 856
884 859 857
876 884 857
890 858 862
890 883 858
859 891 863
884 891 859
860 871 864
860 864 2400
867 2715 860
2715 871 860
872 861 865
861 2359 868
872 2385 861
2385 889 861
2402 861 889
2402 2359 861
864 890 862
887 865 863
891 887 863
871 890 864
887 872 865
866 2343 920
2347 866 920
866 2388 2343
2407 866 2347
2388 866 2357
866 2407 2358
869 896 867
867 896 2558
2558 2715 867
868 897 870
2374 897 868
2359 2374 868
896 869 913
913 869 2347
869 2407 2347
2407 869 2358
897 914 870
870 914 2343
2388 870 2343
870 2388 2357
888 901 871
888 871 2715
890 871 2292
2292 871 901
887 2293 872
2293 2385 872
894 917 873
917 898 873
918 895 874
898 918 874
938 879 875
883 938 875
880 939 876
939 884 876
892 925 877
925 894 877
878 926 893
895 926 878
954 892 879
954 879 938
893 955 880
955 939 880
881 885 2507
881 2626 885
881 2518 2432
2626 881 2432
2518 881 2507
882 886 2676
2702 886 882
2362 882 889
889 882 2402
882 2359 2402
2676 2359 882
2362 2702 882
890 952 883
952 938 883
953 891 884
939 953 884
909 885 2373
909 2477 885
885 2626 2373
885 2477 2507
910 2378 886
2396 910 886
886 2378 2374
886 2374 2676
2702 2396 886
922 887 891
887 922 2293
888 2387 901
2387 888 2518
2518 888 2432
2432 888 2715
906 889 902
889 2385 902
906 2362 889
936 890 921
2292 921 890
936 952 890
937 922 891
953 937 891
964 925 892
954 964 892
926 965 893
965 955 893
927 917 894
925 927 894
918 928 895
928 926 895
923 896 913
923 2350 896
896 2350 2558
924 914 897
924 897 2378
2378 897 2374
917 935 898
898 935 918
899 903 2369
903 899 2477
907 899 2429
899 907 2507
2429 899 2369
2477 899 2507
904 900 912
900 904 2396
900 908 912
2702 908 900
900 2396 2702
948 921 901
901 921 2292
944 948 901
944 901 2387
945 906 902
2316 945 902
2293 949 902
949 2316 902
2293 902 2385
909 929 903
909 903 2477
929 915 903
915 2369 903
904 912 916
941 904 916
930 904 941
2466 904 930
904 2466 2396
907 960 905
905 2518 907
960 944 905
944 2387 905
2387 2518 905
919 908 906
906 908 2362
906 961 919
945 961 906
907 2429 960
907 2518 2507
908 919 912
2362 908 2702
2479 929 909
2350 958 909
958 2479 909
909 2373 2350
959 2417 910
2516 959 910
2417 2378 910
2466 910 2396
910 2466 2516
915 911 2369
915 2464 911
942 2429 911
911 2525 942
946 911 2464
911 946 2525
911 2429 2369
934 916 912
919 943 912
934 912 947
912 943 947
986 913 920
913 2347 920
986 923 913
987 920 914
2343 914 920
924 987 914
929 940 915
940 931 915
931 2464 915
916 934 932
941 916 932
982 917 927
917 1037 935
982 1053 917
1053 1037 917
918 983 928
1038 918 935
1054 983 918
1038 1054 918
919 2497 943
961 2497 919
1001 986 920
987 1001 920
936 921 996
948 996 921
922 937 997
997 949 922
922 949 2293
958 923 978
923 958 2350
978 923 986
979 987 924
2417 979 924
2417 924 2378
925 982 927
964 989 925
989 982 925
983 926 928
990 965 926
983 990 926
966 940 929
2479 966 929
941 967 930
930 967 2500
2516 2466 930
930 2500 2516
950 933 931
933 2464 931
2546 931 940
931 972 950
972 931 968
968 931 2546
934 951 932
969 941 932
951 969 932
946 933 956
2464 933 946
950 962 933
933 2440 956
962 2440 933
934 947 957
934 2614 951
934 957 985
985 2614 934
1124 935 1037
1124 1038 935
1012 952 936
936 996 1012
953 1013 937
937 1013 997
952 1031 938
1049 954 938
1031 1049 938
1032 953 939
955 1050 939
1050 1032 939
966 980 940
980 2546 940
941 981 967
969 981 941
942 970 960
942 960 2429
2525 970 942
943 971 947
2497 971 943
992 948 944
960 991 944
991 992 944
2349 961 945
2316 2349 945
975 946 956
998 946 975
946 998 2258
2525 946 2258
947 974 957
971 2259 947
2259 974 947
992 996 948
997 993 949
949 993 2316
972 962 950
973 969 951
2614 973 951
1012 1031 952
1032 1013 953
1043 964 954
1079 1043 954
1049 1079 954
965 1044 955
1044 1080 955
1080 1050 955
976 975 956
2440 976 956
974 977 957
957 977 985
978 999 958
999 2442 958
958 2442 2479
1000 2417 959
959 2467 1000
2500 2467 959
2516 2500 959
970 994 960
960 994 991
2349 995 961
995 2497 961
962 972 1010
984 962 1006
962 984 2440
1010 1006 962
988 973 963
963 973 2614
963 985 1007
985 963 2614
1011 988 963
1011 963 1007
989 964 1063
964 1043 1063
2266 965 990
2226 1044 965
2266 2226 965
966 1025 980
1014 1025 966
2442 1014 966
2479 2442 966
981 1026 967
1026 1015 967
1015 2467 967
967 2467 2500
1008 972 968
968 1004 1008
1004 968 2666
2666 968 2546
973 1009 969
1005 981 969
1009 1005 969
1002 994 970
1002 970 2258
970 2525 2258
971 1003 2259
2497 1003 971
1010 972 1008
988 1009 973
1017 977 974
1018 1017 974
974 2259 1018
1016 975 976
2621 998 975
2621 975 1016
984 1021 976
984 976 2440
1021 1016 976
977 1022 985
977 1017 1022
986 1045 978
1027 999 978
1045 1027 978
979 1046 987
1028 1046 979
2399 1028 979
2399 979 2417
1025 2666 980
980 2666 2546
1005 1026 981
989 1063 982
1063 1053 982
1064 990 983
1064 983 1054
1006 1029 984
1021 984 1029
1007 985 1030
985 1022 1030
1001 1098 986
986 1098 1045
1098 1001 987
1046 1098 987
1020 1009 988
1020 988 1011
1064 2266 990
1055 992 991
994 2345 991
2345 1055 991
996 992 1061
1055 1061 992
997 1062 993
1062 1056 993
993 1056 2349
993 2349 2316
1002 1047 994
1047 2345 994
1048 1003 995
2497 995 1003
2360 1048 995
2349 2360 995
1125 1012 996
1061 1125 996
1013 1126 997
1126 1062 997
998 1023 2258
1023 998 2621
1014 999 1071
999 1014 2442
2450 999 1027
1065 1071 999
2450 1065 999
1015 1072 1000
1015 1000 2467
1072 1066 1000
2419 1000 1066
1000 2399 2417
1000 2419 2399
1033 1047 1002
1002 2458 1033
2458 1002 2258
1024 1003 1034
1003 1024 2259
1048 1034 1003
1004 1081 1008
1025 1081 1004
1025 1004 2666
1082 1005 1009
1082 1026 1005
1010 1058 1006
1029 1006 1035
1058 1035 1006
1007 1057 1011
1007 1030 1036
1036 1057 1007
1010 1008 1019
1019 1008 1069
1069 1008 1081
1009 1020 1070
1009 1070 1093
1082 1009 1093
1010 1019 1058
1057 1020 1011
1125 1031 1012
1032 1126 1013
1014 2443 1025
2443 1014 1071
2495 1015 1026
2495 1072 1015
1021 1041 1016
1016 1041 1059
1059 2621 1016
1060 1017 1018
1042 1022 1017
1060 1042 1017
1024 1052 1018
1024 1018 2259
1052 1060 1018
1083 1058 1019
1069 1083 1019
1088 1020 1057
1088 1070 1020
1039 1021 1029
1039 1041 1021
1040 1030 1022
1040 1022 1042
1051 1084 1023
1051 1023 2621
1084 1067 1023
1023 1067 2458
1023 2458 2258
1068 1024 1034
1052 1024 1085
1085 1024 1068
1081 1025 1094
2443 1094 1025
1082 1095 1026
1095 2495 1026
1045 2463 1027
1116 2450 1027
2463 1116 1027
1117 1046 1028
1066 1117 1028
2419 1066 1028
2419 1028 2399
1035 1075 1029
1077 1039 1029
1075 1077 1029
1036 1030 1076
1040 1078 1030
1078 1076 1030
1213 1049 1031
1125 1213 1031
1050 1214 1032
1214 1126 1032
1047 1033 1099
1067 1099 1033
2458 1067 1033
1048 1100 1034
1068 1034 1100
1035 1058 1086
1089 1075 1035
1089 1035 1086
1036 1087 1057
1076 1090 1036
1090 1087 1036
1053 1160 1037
1238 1124 1037
1160 1238 1037
1161 1054 1038
1124 1239 1038
1239 1161 1038
1073 1041 1039
1091 1073 1039
1091 1039 1077
1042 1074 1040
1074 1092 1040
1092 1078 1040
1118 1059 1041
1073 1118 1041
1060 1119 1042
1119 1074 1042
1043 2260 1063
1079 2178 1043
2178 2260 1043
2177 1080 1044
2261 2177 1044
2261 1044 2226
1098 1176 1045
1176 2463 1045
1177 1098 1046
1117 1177 1046
1099 1105 1047
2345 1047 1105
1106 1100 1048
2360 1106 1048
1178 1079 1049
1213 1178 1049
1080 1179 1050
1179 1214 1050
1096 1051 1059
1051 2621 1059
1084 1051 1109
1096 1109 1051
1060 1052 1097
1110 1052 1085
1097 1052 1110
1063 2324 1053
2324 1160 1053
2267 1064 1054
1161 2267 1054
1112 1061 1055
1112 1055 2436
1055 2345 2436
1062 1113 1056
1113 2415 1056
1056 2360 2349
2415 2360 1056
1104 1057 1087
1104 1088 1057
1083 2781 1058
1058 2781 1086
1096 1059 1129
1059 1118 1129
1060 1097 1130
1130 1119 1060
1112 1137 1061
1125 1061 1137
1138 1113 1062
1126 1138 1062
2260 1172 1063
1172 2324 1063
1173 2261 1064
1173 1064 2267
2261 2226 1064
1064 2226 2266
1122 1071 1065
1114 1065 1116
1114 1122 1065
1116 1065 2450
1072 1123 1066
1115 1117 1066
1123 1115 1066
1084 1120 1067
1120 1099 1067
1121 1085 1068
1121 1068 1100
1081 1107 1069
1069 1107 1083
1088 1108 1070
1108 1093 1070
1122 2443 1071
2495 1123 1072
1091 1118 1073
1092 1074 1119
1075 1134 1077
1089 1202 1075
1202 1134 1075
1078 1133 1076
1076 1203 1090
1133 1208 1076
1208 1203 1076
1134 1091 1077
1078 1092 1133
1178 1182 1079
1182 2170 1079
2170 2178 1079
1183 1179 1080
2169 1183 1080
2177 2169 1080
1094 1152 1081
1107 1081 1154
1081 1152 1184
1081 1184 1154
1139 1082 1093
1139 1095 1082
1111 1103 1083
1083 1103 2781
1107 1111 1083
1084 1109 1148
1148 1120 1084
1149 1110 1085
1121 1149 1085
1101 1089 1086
1103 1101 1086
2781 1103 1086
1090 1102 1087
1102 1104 1087
1165 1088 1104
1169 1108 1088
1165 1169 1088
1101 1157 1089
1157 1202 1089
1090 1143 1102
1190 1143 1090
1203 1190 1090
1091 1131 1118
1136 1131 1091
1134 1136 1091
1132 1092 1119
1135 1092 1132
1092 1135 1133
1108 1185 1093
1153 1139 1093
1185 1153 1093
1094 1140 1166
1140 1094 2443
1166 1152 1094
1167 1095 1139
1167 1141 1095
1095 1141 2495
1096 1127 1109
1127 1096 1129
1128 1097 1110
1097 1128 1130
2287 1176 1098
1177 1256 1098
1256 2287 1098
1150 1105 1099
1150 1099 1120
1106 1151 1100
1151 1121 1100
1103 1142 1101
1142 1157 1101
1143 1104 1102
1111 2641 1103
1103 1164 1142
2641 1164 1103
1165 1104 1143
1150 1146 1105
1146 2453 1105
2436 2345 1105
2453 2436 1105
1147 1151 1106
2431 1147 1106
2415 1106 2360
2415 2431 1106
1111 1107 1154
1169 1205 1108
1185 1108 1205
1186 1109 1127
1180 1148 1109
1109 1186 1180
1110 1187 1128
1149 1181 1110
1110 1181 1187
1168 1111 1154
1168 2641 1111
1144 1137 1112
1144 1112 2436
1138 1145 1113
1145 2415 1113
1116 1144 1114
1114 2453 1122
1114 1144 2453
1115 1145 1117
1115 1123 2431
1115 2431 1145
1158 1144 1116
1158 1116 1176
1176 1116 2463
1159 1117 1145
1177 1117 1159
1118 2732 1129
1131 2732 1118
1189 1119 1130
1197 1132 1119
1197 1119 1189
1148 1174 1120
1174 1150 1120
1175 1149 1121
1151 1175 1121
1122 1146 1140
1122 1140 2443
1122 2453 1146
1123 1141 1147
1141 1123 2495
1123 1147 2431
1238 1229 1124
1229 1239 1124
1137 1170 1125
1170 1215 1125
1215 1213 1125
1138 1126 1171
1216 1171 1126
1214 1216 1126
1155 1127 1129
1127 1155 1186
1130 1128 1156
1128 1187 1156
1198 1155 1129
1198 1129 1188
2732 1188 1129
1156 1199 1130
1130 1199 1189
1136 1194 1131
1194 2784 1131
2784 2732 1131
1195 1135 1132
1197 1195 1132
1135 1162 1133
1162 1208 1133
1163 1136 1134
1207 1163 1134
1202 1207 1134
1195 1162 1135
1194 1136 1163
1137 1144 1158
1137 1158 1170
1138 1159 1145
1138 1171 1159
1139 1153 1193
1167 1139 1193
1146 1150 1140
1150 1166 1140
1141 1151 1147
1151 1141 1167
1191 1157 1142
1164 1191 1142
1190 1165 1143
1144 2436 2453
1145 2431 2415
2524 1174 1148
1148 1180 2524
1175 1201 1149
1149 1201 1181
1166 1150 1174
1167 1175 1151
1152 1166 1192
1152 1192 1184
1193 1153 1185
1204 1168 1154
1184 1204 1154
1211 1186 1155
1155 1198 1223
1155 1248 1211
1223 1248 1155
1187 1212 1156
1156 1224 1199
1212 1249 1156
1249 1224 1156
1191 1202 1157
1209 1170 1158
1209 1158 1176
1171 1210 1159
1210 1177 1159
1261 1238 1160
2353 1261 1160
2353 1160 2324
1262 1173 1161
1173 2267 1161
1239 1262 1161
1233 1162 1195
1227 1208 1162
1300 1227 1162
1233 1300 1162
1163 1232 1194
1163 1207 1228
1228 1232 1163
1168 1225 1164
1164 2641 1168
1221 1191 1164
1225 1221 1164
1165 1226 1169
1190 1222 1165
1222 1226 1165
1166 1174 1200
1192 1166 1200
1175 1167 1201
1167 1193 1201
1204 1225 1168
1226 1205 1169
1209 1215 1170
1216 1210 1171
2260 1246 1172
1246 2355 1172
1172 2353 2324
1172 2355 2353
1247 1173 1262
1247 2261 1173
1200 1174 2524
1290 1209 1176
1338 1290 1176
2287 1338 1176
1210 1291 1177
1339 1256 1177
1291 1339 1177
1288 1182 1178
1213 1288 1178
1183 1289 1179
1289 1214 1179
1186 2714 1180
2524 1180 1219
1219 1180 2714
1187 1181 1206
1181 1201 1220
1241 1206 1181
1181 1220 1241
1182 1327 1244
1182 1244 2170
1288 1404 1182
1404 1327 1182
1328 1183 1245
1245 1183 2169
1405 1289 1183
1328 1405 1183
1192 1217 1184
1184 1234 1204
1184 1217 1234
1193 1185 1218
1205 1235 1185
1218 1185 1235
2714 1186 1211
1187 1206 1212
1188 1196 1231
1196 1188 2732
1231 1198 1188
1189 1230 1197
1189 1199 1230
1237 1190 1203
1281 1222 1190
1237 1281 1190
1191 1236 1202
1221 1280 1191
1191 1280 1236
1192 1200 1217
1201 1193 1218
1194 1196 2784
1196 1194 2794
1194 1232 1251
1194 1251 2794
1195 1197 1250
1233 1195 1250
1196 2794 1231
2784 1196 2732
1197 1230 1250
1198 1252 1223
1198 1231 1252
1253 1199 1224
1199 1253 1230
1200 1219 1217
1200 2524 1219
1201 1218 1220
1202 1255 1207
1236 1260 1202
1260 1255 1202
1254 1203 1208
1254 1237 1203
1242 1225 1204
1234 1242 1204
1226 1243 1205
1235 1205 1243
1212 1206 1241
1255 1228 1207
1227 1254 1208
1290 1215 1209
1291 1210 1216
1248 1278 1211
1278 1276 1211
1211 1276 2714
1241 1275 1212
1275 1249 1212
1215 1323 1213
1336 1288 1213
1323 1336 1213
1324 1216 1214
1289 1337 1214
1337 1324 1214
1290 1323 1215
1324 1291 1216
1219 1257 1217
1217 1267 1234
1257 1267 1217
1258 1220 1218
1268 1218 1235
1258 1218 1268
1257 1219 1240
1219 2714 1240
1241 1220 1258
1284 1221 1225
1273 1280 1221
1284 1273 1221
1226 1222 1285
1281 1274 1222
1274 1285 1222
1252 1248 1223
1253 1224 1249
1242 1277 1225
1277 1284 1225
1285 1243 1226
1305 1254 1227
1227 1300 1308
1305 1227 1317
1308 1317 1227
1228 1301 1232
1304 1228 1255
1301 1228 1360
1228 1304 1316
1316 1360 1228
1238 1311 1229
1311 1239 1229
1230 1269 1250
1253 1264 1230
1264 1269 1230
1270 1231 1251
1251 1231 2794
1263 1252 1231
1231 1270 1263
1251 1232 1296
1301 1296 1232
1233 1250 1297
1233 1297 1300
1234 1277 1242
1234 1267 2437
1234 2437 1277
1243 2523 1235
1268 1235 2523
1286 1260 1236
1280 1286 1236
1305 1237 1254
1287 1281 1237
1287 1237 1309
1306 1237 1305
1309 1237 1306
1366 1238 1261
1346 1311 1238
1366 1346 1238
1262 1239 1367
1311 1347 1239
1347 1367 1239
1257 1240 1283
1294 1283 1240
2714 1294 1240
1258 1282 1241
1295 1275 1241
1282 1295 1241
1321 1243 1285
1321 2523 1243
1244 1333 1246
1244 1246 2260
1333 1244 1327
2170 1244 2260
1334 1245 1247
1247 1245 2261
1245 1334 1328
1245 2169 2261
1333 1354 1246
1354 2368 1246
2355 1246 2368
1262 1355 1247
1355 1334 1247
1252 1271 1248
1271 1278 1248
1249 1272 1253
1272 1249 1279
1275 1279 1249
1250 1269 1297
1270 1251 1296
1263 1271 1252
1253 1272 1264
1260 2700 1255
2700 1304 1255
1453 1338 1256
1256 1338 2287
1339 1453 1256
1265 1267 1257
1265 1257 1283
1268 1266 1258
1266 1282 1258
1310 1260 1286
1310 1307 1260
2700 1260 1307
2434 1366 1261
2355 1261 2353
2368 1261 2355
1261 2368 2434
1367 1355 1262
1292 1263 1270
1271 1263 1292
1293 1269 1264
1272 1293 1264
1265 1313 1267
1283 1318 1265
1265 1318 1313
1312 1266 1268
1266 1319 1282
1319 1266 1312
2437 1267 1313
1312 1268 1322
2523 1322 1268
1293 1298 1269
1269 1298 1297
1299 1292 1270
1296 1299 1270
1278 1271 1303
1292 1331 1271
1271 1331 1303
1272 1279 1302
1293 1272 2775
1272 1302 1332
1272 1332 2775
1350 1280 1273
1284 1350 1273
1281 1351 1274
1274 1351 1285
1302 1279 1275
1295 1349 1275
1349 1302 1275
1276 1278 1303
1276 1348 1294
1276 1294 2714
1303 1348 1276
1277 1320 1284
2437 1320 1277
1280 1314 1286
1362 1314 1280
1350 1362 1280
1281 1287 1315
1315 1351 1281
1335 1295 1282
1343 1282 1319
1358 1335 1282
1343 1358 1282
1359 1283 1294
1342 1318 1283
1342 1283 1359
1284 1320 1356
1284 1356 1350
1357 1321 1285
1357 1285 1351
1314 1310 1286
1287 1309 1315
1288 1336 1429
1429 1404 1288
1289 1430 1337
1405 1430 1289
1406 1323 1290
1338 1406 1290
1324 1407 1291
1407 1339 1291
1329 1292 1299
1329 1340 1292
1340 1331 1292
1341 1298 1293
2775 1341 1293
2599 1294 1348
2599 1359 1294
1335 1349 1295
1296 1329 1299
1326 1296 1301
1326 1329 1296
1297 1298 1330
1297 1325 1300
1330 1325 1297
1341 1330 1298
1308 1300 1361
1361 1300 1325
1326 1301 1360
1302 1345 1332
1302 1349 1345
1331 1344 1303
1344 1394 1303
1394 1348 1303
1307 1304 2700
1307 2777 1304
2777 1316 1304
1364 1306 1305
1391 1305 1317
1364 1305 1391
1370 1309 1306
1364 1370 1306
1310 2603 1307
1307 2603 2777
1373 1317 1308
1361 1373 1308
1374 1315 1309
1374 1309 1370
1314 2549 1310
2549 2603 1310
1467 1311 1346
1311 1468 1347
1467 1462 1311
1462 1468 1311
1319 1312 2265
1322 1379 1312
1379 1393 1312
1312 1393 1399
1312 1399 2265
1392 1313 1318
1368 1313 1378
1313 1368 2437
1392 1378 1313
1362 1375 1314
1314 1375 2549
1315 1363 1351
1315 1374 1363
1372 1360 1316
1316 1390 1372
2777 1390 1316
1391 1317 1373
1318 1342 2264
1392 1318 1398
1318 2264 1398
1343 1319 2265
1356 1320 1376
1368 1376 1320
2437 1368 1320
1369 1322 1321
1322 2523 1321
1357 1377 1321
1369 1321 1377
1369 1379 1322
1413 1336 1323
1406 1413 1323
1337 1414 1324
1414 1407 1324
1352 1325 1330
1352 1389 1325
1389 1361 1325
1326 1353 1329
1388 1353 1326
1326 1360 1388
1463 1333 1327
1327 1404 1456
1456 1463 1327
1334 1464 1328
1457 1405 1328
1464 1457 1328
1340 1329 2757
1353 2757 1329
1341 1332 1330
1330 1332 1345
1345 1352 1330
1340 2757 1331
1344 1331 2757
1332 1341 2775
1471 1354 1333
1463 1471 1333
1355 1472 1334
1472 1464 1334
1349 1335 2556
1358 2556 1335
1429 1336 1413
1430 1414 1337
1449 1406 1338
1453 1449 1338
1407 1450 1339
1339 1450 1453
1342 1359 2264
1358 1343 2265
1394 1344 1384
1344 2757 1384
1349 1395 1345
1352 1345 1385
1395 1385 1345
1366 1477 1346
1477 1467 1346
1478 1367 1347
1468 1478 1347
1394 1380 1348
1348 1380 2599
1381 1395 1349
1349 2556 1381
1356 1382 1350
1350 1382 1362
1383 1357 1351
1363 1383 1351
1389 1352 1385
1384 1353 1388
1384 2757 1353
1471 1479 1354
1479 2434 1354
2434 2368 1354
1367 1480 1355
1480 1472 1355
1356 1376 1382
1383 1377 1357
1358 1399 1387
1358 1387 2556
2265 1399 1358
1380 1386 1359
2599 1380 1359
1386 1398 1359
1398 2264 1359
1360 1372 1400
1417 1388 1360
1400 1417 1360
1401 1373 1361
1389 1418 1361
1418 1401 1361
1425 1375 1362
1425 1362 1382
1426 1363 1374
1426 1383 1363
1397 1370 1364
1397 1364 1391
1479 1477 1366
1479 1366 2434
1478 1480 1367
1410 1376 1368
1408 1368 1378
1368 1408 1410
1377 1411 1369
1411 1379 1369
1370 1416 1374
1397 1416 1370
1415 1371 1375
2549 1375 1371
1371 1415 1396
1371 1396 2603
2549 1371 2603
1390 1402 1372
1372 1402 1400
1373 1403 1391
1401 1403 1373
1426 1374 1416
1425 1415 1375
1382 1376 1410
1426 1377 1383
1426 1411 1377
1408 1378 1392
1440 1393 1379
1412 1409 1379
1409 1440 1379
1412 1379 1411
1433 1386 1380
1380 1394 1433
1387 1434 1381
1381 2556 1387
1395 1381 1434
1410 2439 1382
1382 2439 1425
1388 1419 1384
1419 1394 1384
1389 1385 1420
1395 1420 1385
1447 1398 1386
1386 1433 1427
1427 1437 1386
1437 1447 1386
1438 1387 1399
1428 1434 1387
1428 1387 1438
1417 1419 1388
1389 1420 1418
1421 1390 1396
2603 1396 1390
1390 1441 1402
1441 1390 1421
2603 1390 2777
1422 1397 1391
1403 1442 1391
1442 1422 1391
1451 1392 1398
1408 1392 1439
1451 1439 1392
1399 1393 1452
1452 1393 1440
1419 1433 1394
1434 1420 1395
1396 1415 1445
1445 1421 1396
1416 1397 1446
1422 1446 1397
1447 1451 1398
1448 1438 1399
1452 1448 1399
1400 1402 1423
1417 1400 1443
1423 1443 1400
1424 1403 1401
1418 1444 1401
1444 1424 1401
1402 1435 1423
1441 1435 1402
1436 1403 1424
1442 1403 1436
1404 1429 1473
1404 1473 1456
1474 1430 1405
1457 1474 1405
1465 1413 1406
1449 1465 1406
1466 1407 1414
1466 1450 1407
1408 2547 1410
1439 2772 1408
1408 2772 2547
1409 1412 2778
1440 1409 2773
2773 1409 2778
2547 2439 1410
1432 1412 1411
1426 1432 1411
2778 1412 1432
1469 1429 1413
1465 1469 1413
1430 1470 1414
1470 1466 1414
1415 1425 1431
2772 1415 1431
1415 2772 1445
1432 1426 1416
1416 2778 1432
2778 1416 1446
1419 1417 1443
1444 1418 1420
1433 1419 1443
1434 1444 1420
1455 1441 1421
1445 1455 1421
1454 1422 1442
1446 1422 1454
1427 1443 1423
1427 1423 2756
1435 2756 1423
1424 1444 1428
1428 2742 1424
2742 1436 1424
2439 1431 1425
1433 1443 1427
1427 2756 1437
1434 1428 1444
1428 1438 2742
1429 1469 1481
1481 1473 1429
1482 1470 1430
1474 1482 1430
2547 1431 2439
2547 2772 1431
1441 1461 1435
1461 2756 1435
1460 1442 1436
2742 1460 1436
1447 1437 2740
2740 1437 2797
2797 1437 2756
1448 2754 1438
1438 1460 2742
1460 1438 2754
2761 1445 1439
1439 1445 2772
1451 2761 1439
1452 1440 2773
1455 1461 1441
1454 1442 1460
1455 1445 1458
1458 1445 2761
1446 1454 1459
1446 1459 2773
1446 2773 2778
2662 1451 1447
2662 1447 2740
1452 2694 1448
1448 2694 2754
1453 1475 1449
1475 1465 1449
1476 1453 1450
1466 1476 1450
2761 1451 2662
1452 2773 2694
1485 1475 1453
1476 1485 1453
1459 1454 1460
1458 1461 1455
1495 1463 1456
1473 1498 1456
1498 1495 1456
1496 1457 1464
1499 1474 1457
1496 1499 1457
1461 1458 2662
2662 1458 2761
1459 1460 2694
1459 2694 2773
2694 1460 2754
2662 2740 1461
2740 2797 1461
1461 2797 2756
1462 1467 1491
1468 1462 1492
1491 1490 1462
1490 1492 1462
1463 1502 1471
1495 1502 1463
1503 1464 1472
1503 1496 1464
1483 1469 1465
1475 1483 1465
1470 1484 1466
1484 1476 1466
1493 1467 1477
1493 1491 1467
1468 1494 1478
1468 1492 1494
1469 1486 1481
1483 1486 1469
1487 1470 1482
1487 1484 1470
1506 1479 1471
1506 1471 1502
1480 1507 1472
1507 1503 1472
1481 1500 1473
1500 1498 1473
1501 1482 1474
1499 1501 1474
1488 1483 1475
1485 1488 1475
1484 1489 1476
1489 1485 1476
1479 1504 1477
1504 1493 1477
1505 1480 1478
1494 1505 1478
1506 1504 1479
1505 1507 1480
1486 1512 1481
1512 1500 1481
1513 1487 1482
1501 1513 1482
1488 1486 1483
1489 1484 1487
1497 1488 1485
1489 1497 1485
1488 1508 1486
2229 1486 1508
2229 1512 1486
1509 1489 1487
1487 2271 1509
2271 1487 1513
1497 1508 1488
1509 1497 1489
1514 1490 1491
1490 1515 1492
1510 1490 1514
1510 1515 1490
1516 1491 1493
1516 1514 1491
1492 1517 1494
1515 1517 1492
1493 1504 2382
1493 2382 1516
1494 2383 1505
2383 1494 1517
1498 2361 1495
2393 1502 1495
2361 2393 1495
2356 1499 1496
1503 1536 1496
1536 2356 1496
1511 1508 1497
1509 1511 1497
1500 2361 1498
1499 2356 1501
1512 1555 1500
2391 1500 1555
1500 2391 2361
1556 1513 1501
1501 2304 1556
2356 2304 1501
1502 1534 1506
2393 1534 1502
1507 1535 1503
1535 2421 1503
2421 1536 1503
2308 1504 1506
1519 1504 2308
1504 1519 2382
1507 1505 2328
1520 2328 1505
1520 1505 2383
1534 1526 1506
1506 1526 2308
1527 1535 1507
1507 2328 1527
1511 1518 1508
1518 1521 1508
1521 2229 1508
1518 1511 1509
1522 1518 1509
2271 1522 1509
1525 1510 1514
1525 1515 1510
1521 1512 2229
2321 1512 1521
1512 2321 1555
1513 1522 2271
2392 1522 1513
2392 1513 1556
2427 1514 1516
1539 1525 1514
1537 1539 1514
1537 1514 2427
1515 1538 1517
1525 1540 1515
1540 1538 1515
1523 2427 1516
1516 2471 1523
1528 1516 2411
1516 1528 2471
1516 2382 2411
1517 1524 1529
1538 1524 1517
1529 2412 1517
2412 2383 1517
1561 1521 1518
1522 2530 1518
2530 1561 1518
1528 1519 2188
1528 2411 1519
2188 1519 2720
1519 2308 2483
2411 2382 1519
1519 2483 2720
2189 1520 1529
1520 2412 1529
1520 2189 2766
2484 2328 1520
1520 2383 2412
1520 2766 2484
1561 1564 1521
1564 2321 1521
2392 1565 1522
1565 2530 1522
1523 2268 1532
2457 1523 1532
2471 2268 1523
1523 2565 2427
2457 2565 1523
1533 1529 1524
1533 1524 1563
1538 1548 1524
1524 1548 1563
1525 1539 1568
1568 1540 1525
1526 1534 1545
2425 1526 1545
2483 2308 1526
2483 1526 2425
1527 1546 1535
1527 2428 1546
2484 1527 2328
2484 2428 1527
1528 1559 1541
1528 1541 2597
2269 1559 1528
2188 2269 1528
1528 2597 2471
1542 1529 1533
2461 1529 1542
2543 2189 1529
2461 2543 1529
1543 1553 1530
1543 1530 2361
1553 1557 1530
1530 1557 2393
2361 1530 2393
1531 2356 1536
2485 1531 1536
1554 1544 1531
1531 1544 2356
1554 1531 2485
2268 1541 1532
1541 2459 1532
1532 2273 1562
2457 1532 1562
2273 1532 1566
1532 2459 1566
1542 1533 2452
2274 1533 1563
2274 1567 1533
2452 1533 1567
1534 1551 1545
1557 1551 1534
1557 1534 2393
1552 1535 1546
1552 2421 1535
1558 1536 2421
2485 1536 1558
1539 1537 1605
1547 1632 1537
1547 1537 2565
1537 1632 1605
2565 1537 2427
1540 1606 1538
1633 1548 1538
1606 1633 1538
1607 1568 1539
1607 1539 1605
1568 1608 1540
1608 1606 1540
1559 1591 1541
2313 1541 1591
1541 1593 2459
2669 1593 1541
2597 1541 2268
2313 2669 1541
2418 1592 1542
2461 1542 1592
2314 2418 1542
2314 1542 2670
2452 2670 1542
1569 1553 1543
1573 1543 1555
1543 2391 1555
1573 1569 1543
2391 1543 2361
1544 1554 1570
1574 1556 1544
2304 1544 1556
1570 1574 1544
2356 1544 2304
1549 1545 1597
1545 1549 2425
1545 1551 1581
1581 1597 1545
1550 1598 1546
2428 1550 1546
1552 1546 1582
1598 1582 1546
1562 1638 1547
1547 2457 1562
1638 1632 1547
1547 2565 2457
1563 1548 1639
1548 1633 1639
1575 1549 1578
2269 1549 1575
2594 1578 1549
1597 2594 1549
1549 2269 2188
2188 2720 1549
1549 2720 2425
1577 1618 1550
2600 1577 1550
1618 1598 1550
1550 2428 2600
1557 1603 1551
1551 1603 1581
1604 1558 1552
1558 2421 1552
1604 1552 1582
1589 1557 1553
1553 1569 1587
1589 1553 1587
1554 2511 1570
1554 2485 1590
1590 2511 1554
1555 2636 1573
2321 2636 1555
1574 2635 1556
2635 2392 1556
1589 1603 1557
1604 2485 1558
1571 1591 1559
1571 1559 2580
1575 1559 2269
2580 1559 1575
1560 1572 1576
1592 1572 1560
1560 1576 2270
2461 1592 1560
1560 2270 2543
1560 2543 2461
1631 1564 1561
1561 2490 1631
2490 1561 2530
1680 1638 1562
2637 1680 1562
2273 2637 1562
1681 1602 1563
1602 2274 1563
1639 1681 1563
1651 1585 1564
1585 2636 1564
1651 1564 1631
2321 1564 2636
1586 2490 1565
1586 1565 2635
1565 2392 2635
2530 1565 2490
1566 1593 1619
2459 1593 1566
1665 1566 1619
1665 1636 1566
1636 2688 1566
1566 2688 2273
1620 1594 1567
1594 2452 1567
1602 1637 1567
1602 1567 2274
1620 1567 1637
1568 1607 1709
1568 1710 1608
1709 1741 1568
1741 1710 1568
1573 1621 1569
1587 1569 1621
2605 1574 1570
1570 2511 1588
1588 2605 1570
1609 1591 1571
2632 1609 1571
2580 2632 1571
1572 1610 1576
1592 1610 1572
2451 1573 1585
2636 1585 1573
1621 1573 2451
1574 1622 1586
1574 1586 2635
2605 1622 1574
1578 1595 1575
1595 2580 1575
1576 1596 1577
1577 2600 1576
1576 1610 1596
1576 2600 2270
1577 1596 1626
1664 1618 1577
1624 1577 1626
1664 1577 1624
1625 1595 1578
1578 1623 1625
1623 1578 2707
2707 1578 2594
1613 2677 1579
2802 1613 1579
1647 1579 2276
1647 2476 1579
1579 2798 2276
2476 2802 1579
2677 2798 1579
1600 1580 1584
2277 1584 1580
1600 1614 1580
1614 1626 1580
1626 2536 1580
1580 2536 2277
1581 2190 1597
1603 1656 1581
1656 2190 1581
2191 1582 1598
1582 1657 1604
2191 1657 1582
1599 1649 1583
1599 1583 2272
1583 1629 2272
1629 1583 2623
2499 1583 1649
1583 2499 2623
1584 1650 1600
2277 1630 1584
1630 2482 1584
2513 1650 1584
2513 1584 2482
1651 1615 1585
1585 1615 2451
1622 1616 1586
1616 2628 1586
1586 2510 2490
2628 2510 1586
1642 1589 1587
1587 1621 2744
1642 1587 2744
1590 1643 1588
2511 1590 1588
2605 1588 1643
1603 1589 1654
1642 1667 1589
1654 1589 1667
1604 1655 1590
1604 1590 2485
1668 1643 1590
1668 1590 1655
1609 2710 1591
1627 2192 1591
2710 1627 1591
1591 2192 2313
1628 1610 1592
1592 2193 1628
2193 1592 2418
1611 1593 2669
1611 2731 1593
1593 1658 1619
2731 1658 1593
1659 1612 1594
1594 1612 2452
1594 1620 1659
2632 1595 1625
1595 2632 2580
1596 1610 1626
1617 1597 2190
1597 1617 2594
2191 1598 1618
1711 1649 1599
2673 1711 1599
2798 1599 2272
2596 2673 1599
2677 2596 1599
1599 2798 2677
1614 1600 1663
1712 1600 1650
1663 1600 2719
2719 1600 1712
1660 1696 1601
2688 1660 1601
1696 1680 1601
1601 1680 2637
2273 1601 2637
2688 1601 2273
1661 1637 1602
1697 1661 1602
1681 1697 1602
1656 1603 1654
1604 1657 1655
1725 1607 1605
1632 2280 1605
2280 1725 1605
1608 1726 1606
2281 1633 1606
1726 2281 1606
1725 1709 1607
1710 1726 1608
2476 1647 1609
2710 1609 1647
2689 2476 1609
1609 2632 2689
1626 1610 2536
1628 2639 1610
1610 1648 2536
2639 1648 1610
1611 2228 1640
1611 1640 2585
1611 2669 2228
1611 2585 2731
1612 2584 1641
1612 1641 2655
2584 1612 1659
2452 1612 2670
1612 2655 2670
1623 1613 1625
1623 1662 1613
1625 1613 2802
1662 2596 1613
1613 2596 2677
1626 1614 1624
1614 1663 1624
2631 1615 1651
1615 1669 2451
1669 1615 2631
2590 1616 1622
1736 2470 1616
1736 1616 2564
2470 2371 1616
1616 2371 2628
2590 2564 1616
2190 1686 1617
1686 2707 1617
1617 2707 2594
1664 1687 1618
1687 2191 1618
1619 1658 2284
2284 1665 1619
1637 1666 1620
1659 1620 1666
2451 1644 1621
2744 1621 1644
2590 1622 2656
1622 2605 2656
1623 2282 1662
1686 1717 1623
1686 1623 2707
1717 2282 1623
1663 2283 1624
2793 1664 1624
2283 2793 1624
1625 2476 2689
2476 1625 2802
2689 2632 1625
2294 1653 1627
1653 2629 1627
2285 2192 1627
2629 2285 1627
1627 2710 2294
2520 1652 1628
1652 2639 1628
2193 2286 1628
2286 2520 1628
1629 1647 2276
1647 1629 2294
1653 2294 1629
2780 1653 1629
2276 2272 1629
1629 2623 2780
1648 1630 2277
1630 1648 2639
2639 1652 1630
1630 1652 2763
1630 2763 2482
2510 1651 1631
2510 1631 2490
1760 1632 1638
1760 2280 1632
1633 1761 1639
2281 1761 1633
1645 1692 1634
2499 1645 1634
1682 1634 1705
2617 1634 1682
1692 1705 1634
1634 2623 2499
2780 1634 2617
2780 2623 1634
1646 1635 1693
1635 1646 2482
1635 1683 1706
1635 2194 1683
1693 1635 1706
2763 2194 1635
2763 1635 2482
1665 1674 1636
1674 2688 1636
1675 1637 1661
1666 1637 1675
1680 1775 1638
1638 1775 1760
1776 1681 1639
1776 1639 1761
2585 1640 1670
1640 2629 1670
2228 2629 1640
2584 1671 1641
1641 1671 2803
2655 1641 2286
1641 2803 2286
1642 1704 1667
1642 2563 1704
2563 1642 2744
1703 1643 1668
1643 1703 2560
2656 1643 2560
2605 1643 2656
1707 1644 1669
1669 1644 2451
1707 2563 1644
2563 2744 1644
1649 1698 1645
1645 2499 1649
1692 1645 1723
1698 2752 1645
2752 1723 1645
1650 1646 1699
1646 1650 2513
1693 1724 1646
2570 1699 1646
1724 2570 1646
1646 2513 2482
2294 2710 1647
2536 1648 2277
1711 1698 1649
1650 1699 1712
2371 1702 1651
1702 2631 1651
2371 1651 2628
2628 1651 2510
2803 1652 2520
2763 1652 2805
1652 2803 2805
2629 1653 2771
1653 2780 2771
1654 1727 1656
1704 1654 1667
1704 1727 1654
1657 1728 1655
1703 1668 1655
1703 1655 1728
1727 1742 1656
1742 1778 1656
1656 1778 2190
1743 1728 1657
1743 1657 1779
1657 2191 1779
1658 1700 1676
1658 1676 2284
1700 1658 2693
2693 1658 2585
2731 2585 1658
1677 1659 1666
1677 1701 1659
1659 1701 2727
1659 2727 2584
1690 1660 1678
1678 1660 2688
1690 1696 1660
1661 1679 1675
1679 1661 1691
1697 1691 1661
2278 1662 1684
2282 1684 1662
2278 2673 1662
1662 2673 2596
1685 2283 1663
1685 1663 2719
1664 1718 1687
2793 1718 1664
1688 1674 1665
1665 1676 1715
2284 1676 1665
1665 1715 1688
1689 1666 1675
1677 1666 1716
1689 1716 1666
1702 1735 1669
1669 2631 1702
2765 1707 1669
1735 2765 1669
2755 1670 2288
2288 1670 2771
2693 2585 1670
1670 2629 2771
2755 2693 1670
2727 2289 1671
2289 2805 1671
2727 1671 2584
1671 2805 2803
1678 1674 1672
1674 1688 1672
1694 1678 1672
1688 1721 1672
1721 1694 1672
1675 1679 1673
1689 1675 1673
1679 1695 1673
1722 1689 1673
1695 1722 1673
1674 1678 2688
1700 1715 1676
1716 1701 1677
1694 1690 1678
1691 1695 1679
1780 1680 1696
1780 1775 1680
1681 1781 1697
1776 1781 1681
1682 1705 1730
1719 1682 1730
1682 1719 2755
1682 2288 2617
1682 2755 2288
1706 1683 1729
1729 1683 1720
1720 1683 2289
2289 1683 2194
2681 1748 1684
2746 1684 1748
2746 2278 1684
1684 2282 2681
1685 1714 2697
1714 1685 2719
1685 2697 1749
2793 1685 1749
1685 2793 2283
1686 1810 1717
1810 1686 1778
1778 1686 2190
1718 1811 1687
1687 1811 1779
1779 2191 1687
1715 1737 1688
1721 1688 1737
1738 1716 1689
1722 1738 1689
1694 1739 1690
1739 1696 1690
1740 1695 1691
1697 1740 1691
1705 1692 1731
1692 1723 1786
1692 1756 1731
1692 1754 1756
1754 1692 1786
1693 1706 1732
1787 1724 1693
1732 1757 1693
1755 1693 1757
1755 1787 1693
1721 1764 1694
1694 1764 1739
1765 1722 1695
1765 1695 1740
1739 1746 1696
1746 1780 1696
1747 1740 1697
1781 1747 1697
1698 1711 2290
2752 1698 2290
1699 2750 1712
1699 2570 2750
1715 1700 1734
1700 1719 1730
1719 1700 2693
1700 1730 1734
1716 1733 1701
1701 1729 1720
1701 1720 2727
1701 1733 1729
1702 2672 1735
1702 2616 1768
1702 1768 2672
2470 1702 2371
1702 2470 2616
1798 1703 1728
1703 1798 1792
1792 2560 1703
1797 1727 1704
1791 1797 1704
1704 2563 1791
1730 1705 1762
1762 1705 1731
1729 1763 1706
1732 1706 1763
1782 2563 1707
1707 2745 1782
1707 2716 2745
2765 2716 1707
2654 1708 1783
1708 2713 1783
2560 1708 2590
1708 2560 2713
2590 1708 2564
1708 2654 2564
1725 1808 1709
1709 1816 1741
1808 1816 1709
1809 1726 1710
1741 1817 1710
1809 1710 1817
1713 1711 2278
1711 1713 2290
1711 2673 2278
2665 1714 1712
1714 2719 1712
2750 2665 1712
2648 1713 1750
1713 2746 1750
1713 2278 2746
1713 2791 2290
2791 1713 2648
2634 1751 1714
2697 1714 1751
2665 2634 1714
1734 1737 1715
1716 1738 1733
1810 1748 1717
2681 1717 1748
2681 2282 1717
1811 1718 1749
2793 1749 1718
1719 2693 2755
2727 1720 2289
1737 1773 1721
1764 1721 1773
1738 1722 1774
1765 1774 1722
2648 1786 1723
1723 2791 2648
2791 1723 2752
2711 1724 1787
2570 1724 2750
1724 2634 2665
2711 2634 1724
1724 2665 2750
1760 1808 1725
1760 1725 2280
1761 1726 1809
1761 2281 1726
1727 1797 1742
1798 1728 1743
1729 1733 1763
1734 1730 1762
1756 1758 1731
1758 1771 1731
1771 1762 1731
1757 1732 1759
1759 1732 1772
1763 1772 1732
1763 1733 1738
1734 1762 1737
2644 1735 1801
1801 1735 2672
2644 2765 1735
2470 1736 2616
2661 1736 2564
2616 1736 2661
1762 1773 1737
1763 1738 1774
1739 1793 1746
1764 1769 1739
1769 1793 1739
1794 1740 1747
1770 1765 1740
1794 1770 1740
1816 1821 1741
1741 1821 1817
1814 1778 1742
1797 1814 1742
1815 1743 1779
1815 1798 1743
1744 2769 1752
1752 2800 1744
1744 1777 2517
1744 2749 1777
2315 2749 1744
2315 1744 2800
1744 2517 2769
1753 1745 2317
2515 1745 1753
1745 2515 1777
1745 1777 2776
1745 2776 2317
1793 1780 1746
1781 1794 1747
1810 1824 1748
1824 1832 1748
1832 2680 1748
2680 2746 1748
1825 1811 1749
1833 1825 1749
2697 1833 1749
1832 1803 1750
1750 1803 2648
2680 1832 1750
2680 1750 2746
1836 1751 1804
1804 1751 2634
1836 1833 1751
1751 1833 2697
1784 1806 1752
1784 1752 2769
2799 1788 1752
1788 2800 1752
1752 1806 2799
1753 1807 1785
1753 1785 2515
1753 2807 1807
1753 2317 2807
1795 1756 1754
1786 1799 1754
1799 1795 1754
1757 1796 1755
1800 1787 1755
1796 1800 1755
1795 1758 1756
1759 1796 1757
1766 1771 1758
1793 1766 1758
1795 1793 1758
1759 1772 1767
1767 1794 1759
1794 1796 1759
1775 1799 1760
1786 1760 1799
1812 1760 1786
1812 1808 1760
1776 1761 1800
1787 1800 1761
1761 1813 1787
1761 1809 1813
1771 1773 1762
1772 1763 1774
1766 1769 1764
1771 1766 1764
1773 1771 1764
1767 1765 1770
1767 1774 1765
1769 1766 1793
1770 1794 1767
1774 1767 1772
1818 1801 1768
1768 1801 2672
2725 1818 1768
1768 2616 2298
2298 2725 1768
1780 1799 1775
1781 1776 1800
2749 1805 1777
1777 1805 2776
2515 2613 1777
1777 2613 2517
1810 1778 1826
1814 1822 1778
1778 1822 1826
1811 1827 1779
1823 1815 1779
1827 1823 1779
1793 1795 1780
1795 1799 1780
1794 1781 1796
1796 1781 1800
1791 1782 2199
1782 1791 2563
1806 2199 1782
1806 1782 2745
1783 1792 2551
1783 2713 1792
2200 1807 1783
1807 2654 1783
1783 2551 2200
1784 2199 1806
1819 2199 1784
1784 2481 1819
2481 1784 2602
1784 2769 2602
1807 2200 1785
1820 1785 2200
1820 2638 1785
2515 1785 2601
1785 2638 2601
1786 1803 1812
1803 1786 2648
1787 1813 2737
1787 2737 2711
2196 2653 1788
2196 1788 2799
1788 2653 2315
1788 2315 2800
2198 1789 2668
2807 1789 2198
2668 1789 2317
2807 2317 1789
1791 2540 1797
1835 1828 1791
1828 2540 1791
1791 2199 1835
1798 1829 1792
1829 2551 1792
2713 2560 1792
2540 1814 1797
1815 1834 1798
1834 1829 1798
1830 1801 1818
1830 2205 1801
2205 2196 1801
2196 2644 1801
1831 2725 1802
1831 1802 2792
2661 2198 1802
2792 1802 2198
2616 1802 2298
1802 2725 2298
2661 1802 2616
1839 1812 1803
1861 1803 1832
1861 1839 1803
1813 1840 1804
1804 2737 1813
1836 1804 1840
1804 2634 2737
2203 2736 1805
2758 2203 1805
1805 2736 2668
2668 2776 1805
2758 1805 2749
1806 2745 2196
2799 1806 2196
2198 2654 1807
2807 2198 1807
1812 1839 1808
1851 1816 1808
1839 1851 1808
1813 1809 1840
1852 1809 1817
1852 1840 1809
1824 1810 1826
1825 1827 1811
1837 1822 1814
1814 2540 1837
1823 1838 1815
1838 1834 1815
1844 1821 1816
1859 1844 1816
1851 1859 1816
1821 1844 1817
1844 1860 1817
1860 1852 1817
1818 1868 1830
1831 1868 1818
1831 1818 2725
2199 1819 2210
1819 2767 2210
2481 2767 1819
1850 1820 2212
1820 1850 2638
2212 1820 2200
1863 1826 1822
1837 1845 1822
1845 1863 1822
1827 1846 1823
1823 1846 1838
1841 1824 1826
1832 1824 1841
1825 1842 1827
1825 1833 1842
1863 1841 1826
1842 1862 1827
1862 1846 1827
1828 1835 2210
1855 1837 1828
2540 1828 1837
1855 1828 2380
2380 1828 2210
1834 1856 1829
1829 1856 2212
1829 2212 2551
1866 1830 1868
1866 2295 1830
2295 2205 1830
1831 1867 1868
1831 2647 1867
2206 2492 1831
2206 1831 2792
2492 2296 1831
2647 1831 2296
1853 1832 1841
1861 1832 1853
1854 1833 1836
1833 1854 1842
1834 1838 1856
2199 2211 1835
2211 2210 1835
1840 1890 1836
1890 1854 1836
1883 1845 1837
1869 1837 1855
1837 1869 1883
1884 1838 1846
1856 1838 1870
1838 1884 1870
1879 1851 1839
1879 1839 1861
1852 1880 1840
1880 1890 1840
1864 1853 1841
1864 1841 1863
1854 1865 1842
1865 1862 1842
1847 2703 1843
2722 1847 1843
2365 1899 1843
2722 1843 1899
2545 2365 1843
1843 2515 2545
2515 1843 2613
2613 1843 2577
2703 2577 1843
1859 1906 1844
1906 1860 1844
1863 1845 1881
1845 1883 1881
1862 1882 1846
1882 1884 1846
2722 1849 1847
1849 2795 1847
2703 1847 2602
2795 2602 1847
1848 2365 2545
2365 1848 2726
2414 2573 1848
2601 2414 1848
2545 2601 1848
1848 2573 2726
1849 1871 1857
1849 1857 2210
2618 1871 1849
2767 1849 2210
2618 1849 2722
1849 2767 2795
1872 1850 2212
1872 2650 1850
2414 1850 2573
2638 1850 2414
2650 2573 1850
1897 1859 1851
1879 1897 1851
1860 1898 1852
1898 1880 1852
1875 1861 1853
1864 1875 1853
1876 1865 1854
1876 1854 1890
2589 1869 1855
1855 2380 2589
2212 1856 1858
1856 2588 1858
1870 2588 1856
2341 1857 1871
1857 2380 2210
2341 2223 1857
2223 2589 1857
2380 1857 2589
1872 2212 1858
2224 1872 1858
2588 2224 1858
1897 1914 1859
1914 1906 1859
1915 1898 1860
1906 1915 1860
1875 1889 1861
1889 1879 1861
1862 1865 1874
1874 1903 1862
1909 1882 1862
1903 1909 1862
1873 1864 1863
1886 1873 1863
1886 1863 1881
1873 1877 1864
1864 1877 1875
1878 1874 1865
1878 1865 1876
1868 1913 1866
1913 1922 1866
1922 1916 1866
1916 2295 1866
1867 1913 1868
1923 1913 1867
2494 1923 1867
1867 2647 2494
1918 1883 1869
2275 1918 1869
2275 1869 2589
1919 1870 1884
1919 2706 1870
2706 2588 1870
2341 1871 2326
2326 1871 2468
2468 1871 2618
1872 2224 1921
1872 1921 2332
2332 2650 1872
1905 1877 1873
1886 1902 1873
1902 1905 1873
1878 1904 1874
2312 1903 1874
1904 2312 1874
1877 1887 1875
1887 1911 1875
1875 1911 1889
1888 1878 1876
1912 1888 1876
1890 1912 1876
1887 1877 1901
1877 1905 1901
1888 1900 1878
1900 1904 1878
1889 1929 1879
1879 1929 1897
1930 1890 1880
1930 1880 1898
1883 1925 1881
1881 1908 1886
1925 1908 1881
1926 1884 1882
1909 1926 1882
1883 1918 1925
1926 1919 1884
2730 1885 1894
1885 2790 1894
2325 2220 1885
1885 2220 2790
2325 1885 2544
2544 1885 2331
2331 1885 2730
1908 1902 1886
1901 1911 1887
1912 1900 1888
1889 1911 1937
1929 1889 1937
1912 1890 1936
1930 1936 1890
1954 1891 1920
1891 2552 1920
2275 1891 1954
1891 2275 2589
1891 2553 2552
2589 2553 1891
2224 1892 1921
1892 2426 1921
1938 1892 1955
1938 2426 1892
1955 1892 2706
1892 2224 2588
2588 2706 1892
2363 1893 1907
2609 1907 1893
2323 1893 2295
2295 1893 2508
2683 1893 2323
2508 1893 2363
1893 2683 2609
1907 1894 2363
1907 2506 1894
1942 1894 2506
1942 2730 1894
2363 1894 2790
2502 1895 1899
2722 1899 1895
1895 2478 2468
1895 2468 2618
1895 2502 2478
1895 2618 2722
1896 1910 2501
2650 1910 1896
1896 2501 2365
2365 2726 1896
2726 2650 1896
1943 1914 1897
1943 1897 1929
1944 1898 1915
1944 1930 1898
2501 1956 1899
1956 2502 1899
2365 2501 1899
1904 1900 1927
1900 1912 1936
1900 2435 1927
1900 1936 2435
1928 1901 1905
1911 1901 1937
1928 2522 1901
1937 1901 2522
1924 1905 1902
1932 1902 1908
1932 1924 1902
1933 1909 1903
1933 1903 1935
1903 2535 1935
1903 2312 2535
1927 2312 1904
1924 1928 1905
1914 1957 1906
1906 1958 1915
1957 1962 1906
1962 1958 1906
1963 1961 1907
1961 2506 1907
1963 1907 2609
1952 1908 1925
1932 1908 1952
2734 1926 1909
1933 2734 1909
1996 1910 2234
2718 1910 1996
2234 1910 2650
2501 1910 2718
2367 1922 1913
1923 2367 1913
1943 1957 1914
1958 1944 1915
2441 1916 1922
2323 2295 1916
2330 2323 1916
2342 2330 1916
2342 1916 2441
1917 2299 2331
2647 2299 1917
2331 2475 1917
1917 2475 2344
2494 1917 2344
2494 2647 1917
1993 1925 1918
1968 1993 1918
1968 1918 2275
1926 1994 1919
1994 1969 1919
1919 1969 2706
2302 1954 1920
2801 2302 1920
2341 2333 1920
2333 2667 1920
2552 2341 1920
2801 1920 2667
2430 2332 1921
2426 2430 1921
2367 1972 1922
1972 2441 1922
1979 1973 1923
1973 2367 1923
1979 1923 2494
1931 1928 1924
1934 1931 1924
1934 1924 1932
1993 1952 1925
1926 1953 1994
2734 1953 1926
1948 1927 1939
1939 1927 1966
1948 2535 1927
2435 1966 1927
2312 1927 2535
1931 1947 1928
1947 1940 1928
1928 1940 2522
1959 1929 1937
1943 1929 1959
1960 1936 1930
1944 1960 1930
1934 2237 1931
1931 2237 1947
1964 1934 1932
1964 1932 1952
1935 1965 1933
1933 1965 1953
1933 1953 2734
2237 1934 1964
2236 1965 1935
2535 2236 1935
1936 1960 2435
2522 1959 1937
1951 1938 2303
1951 2426 1938
1938 1955 2303
1987 1948 1939
1966 1989 1939
1989 1987 1939
1947 1986 1940
1988 1967 1940
1940 1967 2522
1986 1988 1940
1963 1941 1975
1941 1963 2609
1975 1941 2449
2449 1941 2683
2609 2683 1941
1942 2014 1974
1974 2448 1942
2506 2014 1942
2448 2730 1942
1957 1943 1970
1970 1943 1959
1944 1958 1971
1971 1960 1944
2627 1949 1945
2801 1945 1949
2627 1945 2241
1945 2667 2241
1945 2801 2667
1950 1946 2426
2645 1946 1950
2336 1946 2242
1946 2645 2242
2336 2430 1946
1946 2430 2426
1980 1986 1947
1980 1947 2237
1948 1987 1981
1948 1981 2236
2535 1948 2236
2302 1949 2649
2801 1949 2302
2762 1949 2627
1949 2762 2649
1950 1951 2303
1950 2426 1951
2760 1950 2303
1950 2760 2645
1964 1952 1999
1993 1999 1952
1965 2000 1953
2000 1994 1953
1968 1954 2009
1968 2275 1954
1954 2302 2009
1969 2057 1955
1955 2706 1969
2057 2010 1955
2303 1955 2010
2015 2001 1956
1956 2001 2478
2675 2015 1956
1956 2478 2502
2675 1956 2501
1982 1962 1957
1982 1957 1970
1962 1983 1958
1983 1971 1958
1970 1959 1967
1967 1959 2522
1960 1971 1966
1960 1966 2435
1963 2018 1961
2018 2014 1961
2506 1961 2014
1983 1962 1982
1963 1975 2003
2003 2013 1963
2013 2018 1963
1999 1976 1964
1964 1976 2237
2236 2000 1965
1966 1971 1991
1966 1991 1989
1990 1970 1967
1988 1990 1967
2733 1993 1968
2009 2056 1968
2056 2733 1968
1969 1994 2057
1982 1970 1990
1991 1971 1983
1977 2011 1972
1977 1972 2367
2032 1978 1972
1972 1978 2441
2011 2032 1972
2012 1977 1973
1973 1977 2367
1979 2033 1973
2033 2012 1973
2027 1985 1974
1985 2344 1974
2014 2004 1974
2004 2039 1974
2039 2027 1974
2448 1974 2344
1992 1975 2342
1975 1992 2712
2554 2003 1975
1975 2449 2342
2712 2554 1975
1980 1976 2030
1976 1980 2237
2030 1976 1999
2019 2011 1977
2012 2019 1977
1978 1984 2441
1984 1978 2684
2684 1978 2032
1985 2027 1979
1979 2494 1985
2027 2033 1979
1980 2022 1986
2030 2022 1980
1981 1987 2023
2046 2000 1981
2236 1981 2000
2023 2046 1981
2007 1983 1982
1990 2007 1982
2008 1991 1983
2007 2008 1983
1992 2441 1984
1984 2712 1992
1984 2684 2712
1985 2494 2344
2022 1988 1986
1989 2023 1987
2005 1990 1988
2022 2005 1988
1991 2006 1989
2006 2023 1989
2005 2007 1990
1991 2008 2006
1992 2342 2441
2028 1999 1993
2028 1993 2733
2000 2029 1994
2065 1994 2029
2065 2057 1994
1995 2001 2024
2337 2001 1995
1995 2024 2241
1995 2241 2337
2002 1996 2025
2718 1996 2002
2021 2025 1996
2021 1996 2242
2336 1996 2234
2336 2242 1996
2001 2015 1997
2705 2001 1997
2015 2049 1997
1997 2049 2246
2054 1997 2246
1997 2054 2705
2002 2696 1998
2723 2002 1998
2050 1998 2069
2050 2753 1998
1998 2055 2069
2055 1998 2696
2753 2723 1998
2028 2030 1999
2043 2029 2000
2046 2043 2000
2705 2024 2001
2478 2001 2337
2696 2002 2025
2002 2675 2718
2002 2723 2675
2779 2013 2003
2779 2003 2554
2014 2036 2004
2039 2004 2036
2007 2005 2022
2008 2023 2006
2007 2034 2008
2022 2037 2007
2037 2034 2007
2008 2038 2023
2034 2038 2008
2016 2031 2009
2009 2649 2016
2243 2009 2031
2056 2009 2066
2009 2243 2066
2009 2302 2649
2010 2244 2017
2760 2010 2017
2067 2010 2057
2244 2010 2067
2303 2010 2760
2019 2052 2011
2052 2032 2011
2053 2019 2012
2033 2053 2012
2018 2013 2704
2035 2047 2013
2035 2013 2779
2704 2013 2047
2018 2764 2014
2048 2036 2014
2764 2048 2014
2083 2049 2015
2050 2083 2015
2050 2015 2753
2723 2015 2675
2015 2723 2753
2031 2016 2020
2016 2241 2020
2627 2241 2016
2762 2627 2016
2649 2762 2016
2242 2017 2021
2244 2021 2017
2645 2017 2242
2017 2645 2760
2704 2764 2018
2052 2019 2063
2053 2063 2019
2020 2024 2054
2024 2020 2241
2020 2243 2031
2243 2020 2054
2025 2021 2055
2021 2244 2055
2030 2058 2022
2058 2037 2022
2038 2059 2023
2059 2046 2023
2054 2024 2705
2025 2055 2696
2032 2041 2026
2026 2684 2032
2040 2026 2044
2040 2712 2026
2044 2026 2041
2684 2026 2712
2033 2027 2042
2027 2039 2045
2027 2045 2042
2028 2088 2030
2028 2064 2090
2733 2064 2028
2028 2090 2088
2089 2029 2043
2029 2089 2065
2088 2058 2030
2041 2032 2052
2033 2042 2053
2037 2078 2034
2038 2034 2078
2040 2061 2035
2779 2040 2035
2061 2047 2035
2039 2036 2062
2048 2062 2036
2058 2084 2037
2037 2084 2078
2085 2059 2038
2078 2085 2038
2039 2062 2045
2061 2040 2044
2712 2040 2554
2040 2779 2554
2041 2071 2044
2052 2079 2041
2071 2041 2079
2072 2042 2045
2806 2053 2042
2072 2806 2042
2046 2087 2043
2087 2089 2043
2071 2061 2044
2062 2072 2045
2046 2059 2107
2046 2107 2087
2047 2073 2060
2047 2060 2704
2061 2073 2047
2074 2062 2048
2657 2074 2048
2048 2764 2657
2068 2049 2083
2049 2068 2246
2050 2069 2083
2063 2070 2052
2070 2774 2052
2774 2079 2052
2070 2063 2053
2080 2070 2053
2080 2053 2806
2054 2068 2097
2068 2054 2246
2054 2097 2081
2081 2243 2054
2098 2069 2055
2082 2098 2055
2244 2082 2055
2096 2064 2056
2733 2056 2064
2066 2519 2056
2519 2096 2056
2065 2095 2057
2735 2067 2057
2057 2095 2735
2108 2084 2058
2088 2108 2058
2085 2107 2059
2073 2075 2060
2075 2657 2060
2060 2657 2764
2704 2060 2764
2071 2073 2061
2072 2062 2074
2100 2090 2064
2100 2064 2096
2101 2065 2089
2095 2065 2101
2077 2066 2247
2724 2066 2077
2243 2247 2066
2519 2066 2724
2067 2076 2305
2751 2076 2067
2305 2244 2067
2735 2751 2067
2685 2068 2083
2097 2068 2093
2093 2068 2685
2083 2069 2612
2069 2098 2094
2069 2094 2612
2080 2086 2070
2086 2774 2070
2071 2079 2073
2072 2074 2080
2806 2072 2080
2774 2075 2073
2073 2079 2774
2074 2075 2086
2075 2074 2657
2080 2074 2086
2774 2086 2075
2091 2548 2076
2751 2091 2076
2548 2305 2076
2247 2092 2077
2770 2077 2092
2770 2724 2077
2084 2113 2078
2113 2085 2078
2097 2092 2081
2081 2092 2247
2243 2081 2247
2578 2098 2082
2082 2244 2652
2652 2578 2082
2083 2612 2099
2099 2685 2083
2108 2146 2084
2146 2113 2084
2147 2107 2085
2147 2085 2113
2109 2089 2087
2107 2109 2087
2090 2110 2088
2088 2110 2108
2089 2111 2101
2111 2089 2109
2100 2112 2090
2112 2110 2090
2091 2249 2098
2091 2098 2578
2249 2091 2796
2578 2548 2091
2796 2091 2751
2248 2092 2097
2248 2770 2092
2097 2093 2309
2093 2339 2309
2685 2339 2093
2094 2098 2311
2340 2099 2094
2612 2094 2099
2340 2094 2311
2101 2103 2095
2103 2735 2095
2102 2100 2096
2102 2096 2519
2309 2248 2097
2249 2311 2098
2105 2339 2099
2105 2099 2340
2099 2339 2685
2102 2114 2100
2112 2100 2114
2103 2101 2115
2101 2111 2115
2120 2114 2102
2306 2120 2102
2102 2519 2306
2115 2121 2103
2121 2307 2103
2735 2103 2307
2105 2104 2310
2104 2105 2575
2104 2514 2310
2514 2104 2575
2105 2310 2624
2311 2105 2340
2575 2105 2311
2624 2339 2105
2119 2106 2131
2119 2708 2106
2106 2456 2131
2106 2248 2310
2106 2708 2248
2106 2310 2514
2456 2106 2514
2139 2109 2107
2139 2107 2147
2110 2138 2108
2138 2146 2108
2143 2111 2109
2139 2143 2109
2110 2112 2630
2142 2138 2110
2630 2142 2110
2115 2111 2141
2111 2143 2141
2630 2112 2114
2146 2153 2113
2153 2147 2113
2114 2126 2116
2129 2114 2116
2126 2114 2120
2129 2630 2114
2117 2115 2122
2125 2115 2117
2125 2121 2115
2122 2115 2130
2141 2130 2115
2126 2123 2116
2123 2557 2116
2557 2129 2116
2122 2124 2117
2125 2117 2124
2134 2118 2121
2118 2307 2121
2132 2118 2134
2575 2118 2132
2118 2575 2249
2796 2118 2249
2307 2118 2796
2120 2119 2126
2306 2119 2120
2126 2119 2133
2133 2119 2131
2708 2119 2306
2134 2121 2125
2122 2145 2124
2130 2145 2122
2126 2133 2123
2123 2133 2128
2128 2557 2123
2124 2134 2125
2124 2127 2134
2145 2127 2124
2137 2134 2127
2137 2127 2145
2133 2136 2128
2136 2144 2128
2128 2144 2557
2140 2129 2144
2129 2140 2630
2129 2557 2144
2145 2130 2141
2136 2133 2131
2136 2131 2456
2134 2137 2132
2132 2137 2456
2132 2456 2514
2575 2132 2514
2144 2136 2151
2136 2148 2151
2456 2148 2136
2145 2152 2137
2137 2152 2148
2148 2456 2137
2142 2149 2138
2149 2146 2138
2150 2143 2139
2150 2139 2147
2140 2154 2142
2142 2630 2140
2151 2140 2144
2154 2140 2151
2143 2155 2141
2141 2152 2145
2141 2155 2152
2149 2142 2154
2155 2143 2150
2149 2159 2146
2159 2153 2146
2160 2150 2147
2153 2160 2147
2151 2148 2156
2156 2148 2152
2154 2159 2149
2160 2155 2150
2151 2157 2154
2156 2157 2151
2155 2158 2152
2156 2152 2158
2159 2161 2153
2161 2160 2153
2154 2157 2159
2158 2155 2160
2156 2161 2157
2156 2158 2161
2159 2157 2161
2158 2160 2161
2261 2169 2177
2170 2260 2178
2179 2537 2593
2747 2184 2759
2270 2189 2543
2270 2600 2189
2766 2189 2600
2313 2192 2285
2193 2314 2286
2193 2418 2314
2805 2289 2194
2763 2805 2194
2196 2205 2653
2716 2644 2196
2716 2196 2745
2661 2654 2198
2736 2198 2668
2792 2198 2736
2211 2199 2210
2212 2200 2213
2213 2200 2551
2203 2205 2508
2653 2205 2203
2203 2508 2736
2758 2653 2203
2205 2295 2508
2206 2447 2492
2447 2206 2736
2206 2792 2736
2212 2213 2551
2325 2296 2220
2790 2220 2296
2223 2341 2552
2553 2223 2552
2589 2223 2553
2313 2285 2228
2228 2285 2629
2669 2313 2228
2232 2337 2241
2232 2241 2667
2468 2232 2333
2232 2667 2333
2423 2337 2232
2468 2423 2232
2234 2332 2430
2234 2650 2332
2336 2234 2430
2652 2244 2305
2310 2248 2309
2248 2708 2770
2249 2575 2311
2471 2597 2268
2272 2276 2798
2655 2286 2314
2286 2803 2520
2288 2771 2617
2791 2752 2290
2296 2325 2647
2492 2447 2296
2447 2790 2296
2325 2544 2299
2325 2299 2647
2299 2544 2331
2409 2301 2319
2503 2320 2301
2509 2301 2409
2509 2503 2301
2652 2305 2548
2519 2724 2306
2708 2306 2770
2770 2306 2724
2307 2751 2735
2307 2796 2751
2624 2310 2309
2309 2339 2624
2314 2670 2655
2653 2758 2315
2758 2749 2315
2776 2668 2317
2323 2330 2683
2326 2333 2341
2326 2468 2333
2342 2449 2330
2449 2683 2330
2331 2448 2475
2448 2331 2730
2370 2334 2346
2423 2478 2337
2475 2448 2344
2372 2741 2348
2350 2373 2558
2384 2743 2354
2359 2676 2374
2508 2363 2736
2736 2363 2790
2373 2366 2558
2373 2626 2366
2626 2432 2366
2366 2432 2715
2366 2715 2558
2394 2454 2370
2786 2384 2381
2783 2786 2381
2444 2454 2394
2444 2401 2504
2504 2401 2455
2509 2401 2503
2615 2406 2586
2625 2586 2406
2505 2438 2409
2438 2509 2409
2410 2460 2446
2601 2638 2414
2422 2622 2663
2468 2478 2423
2720 2483 2425
2606 2428 2484
2428 2606 2600
2620 2438 2505
2444 2504 2454
2446 2487 2486
2790 2447 2736
2504 2534 2454
2550 2504 2455
2465 2593 2701
2701 2699 2465
2679 2542 2473
2480 2691 2690
2795 2481 2602
2767 2481 2795
2766 2606 2484
2486 2487 2625
2625 2487 2586
2489 2643 2539
2789 2489 2539
2675 2501 2718
2561 2534 2504
2561 2504 2550
2587 2562 2505
2562 2620 2505
2515 2601 2545
2613 2577 2517
2517 2577 2769
2695 2529 2559
2593 2537 2701
2701 2537 2646
2642 2622 2538
2787 2642 2538
2542 2717 2581
2679 2717 2542
2652 2548 2578
2660 2561 2550
2738 2581 2555
2590 2656 2560
2660 2620 2562
2661 2564 2654
2664 2785 2569
2573 2650 2726
2577 2703 2769
2579 2608 2581
2738 2579 2581
2659 2579 2738
2768 2804 2582
2607 2804 2583
2768 2583 2804
2606 2766 2600
2703 2602 2769
2771 2780 2617
2622 2642 2663
2737 2634 2711
2644 2716 2765
2738 2658 2659