-1.06611001 0.00032056 0.15317200
-1.06206000 -0.01228140 0.15578200
-1.06206000 0.01292250 0.15578200
-1.06157005 -0.00138811 0.16633400
-1.06086004 -0.00017852 0.17596801
-1.05987000 -0.01618730 0.16684200
-1.05987000 0.01682840 0.16684200
-1.05832005 -0.00817283 0.17764100
-1.05843997 0.00862790 0.17781401
-1.05462003 0.00032056 0.14466301
-1.04876995 0.00109944 0.17748199
-1.04676998 -0.02059010 0.14290400
-1.04676998 0.02123120 0.14290400
-1.04536998 -0.02900420 0.15424600
-1.04618001 0.02892510 0.15490900
-1.04422998 -0.01732560 0.17225701
-1.04250002 0.01894040 0.17228000
-1.03225994 0.00032056 0.18748200
-1.03059995 -0.02578130 0.13789999
-1.03091002 0.02596540 0.13790999
-1.03148997 0.03168930 0.15491199
-1.02695000 -0.02108820 0.17328300
-1.02829003 0.02144020 0.17323101
-1.02670002 0.00032056 0.13003400
-1.02063000 -0.00123812 0.13278700
-1.01729000 0.00032056 0.17658800
-1.01891994 -0.03265120 0.15270901
-1.01852000 0.03347290 0.15293500
-1.01791000 -0.02784690 0.16667500
-1.01741004 0.02871940 0.16666500
-1.01495004 -0.02616860 0.13918400
-1.01495004 0.02680970 0.13918400
-1.01450002 -0.02765570 0.14441299
-1.01177001 -0.03571370 0.15763500
-1.01347005 0.03525210 0.15797400
-1.01224005 -0.00237648 0.13158999
-1.01005006 -0.02480090 0.17400700
-1.01005006 0.02544200 0.17400700
-1.00223005 -0.02975680 0.12535501
-1.00292003 0.03089210 0.12601100
-0.99868000 -0.04493450 0.15414000
-0.99649501 0.04649890 0.15335400
-0.99900103 0.00032056 0.19672801
-0.99756801 -0.00132606 0.11318300
-0.99300897 -0.03479930 0.18530600
-0.99300897 0.03544040 0.18530600
-0.97238803 -0.04112590 0.10726800
-0.97297102 0.04085380 0.10740700
-0.95735103 -0.06108500 0.15382500
-0.96043599 0.06053380 0.15381400
-0.95316303 0.00032056 0.22056700
-0.95252299 0.00032056 0.08174120
-0.93937898 -0.04217100 0.20513600
-0.93937898 0.04281210 0.20513600
-0.91101700 -0.04733580 0.09323470
-0.90760303 0.04828690 0.09255000
-0.88813603 -0.06946830 0.15085401
-0.88813603 0.07010940 0.15085401
-0.88587999 0.00032056 0.06706190
-0.87151402 -0.05203110 0.20309401
-0.87372202 0.05279680 0.20197700
-0.86788601 0.00032056 0.23075400
-0.80307299 -0.05014100 0.09051940
-0.80988401 0.05056740 0.09062480
-0.76102698 0.00032056 0.06090420
-0.77037197 -0.07155030 0.15248699
-0.77037197 0.07219140 0.15248699
-0.75470698 -0.05175330 0.20361499
-0.75438100 0.05183500 0.20380799
-0.72219402 0.00032056 0.22112601
-0.70668000 -0.04977360 0.08412680
-0.70192403 0.04925300 0.08317320
-0.68286401 -0.06885250 0.14214601
-0.68340898 0.06951040 0.14221001
-0.66378498 0.00032056 0.05939480
-0.67092597 -0.04695630 0.19435100
-0.65864301 0.04770710 0.19264901
-0.64714497 0.00032056 0.20980000
-0.62199903 -0.05408520 0.08815690
-0.63161802 0.05416220 0.08754540
-0.61185300 -0.06388990 0.13734500
-0.60915798 0.06413060 0.13627499
-0.60863298 0.00032056 0.06218080
-0.60399598 -0.04696180 0.18175200
-0.59765500 0.04681960 0.17965899
-0.59858298 0.00032056 0.19974400
-0.51549798 0.00032056 0.16478699
-0.51003498 -0.03535470 0.15074401
-0.51406199 0.03649330 0.15207300
-0.50768900 -0.05048310 0.12490700
-0.51544601 0.05152910 0.12752400
-0.52232802 0.00280390 0.08647970
-0.50402099 -0.04912160 0.10041700
-0.50402099 0.04976280 0.10041700
-0.49258399 -0.10188500 -0.30148801
-0.49258399 0.10252600 -0.30148801
-0.49177200 -0.09813400 -0.31806999
-0.49215800 0.09951010 -0.31810901
-0.48849401 -0.10322900 -0.33622101
-0.48956800 0.10392200 -0.33147401
-0.48872599 -0.11560100 -0.31967899
-0.48890501 0.11556400 -0.31870100
-0.48659399 -0.00247395 0.09383630
-0.48035899 -0.11027800 -0.26901501
-0.48102799 0.11059600 -0.27027601
-0.48353499 -0.11721100 -0.33951199
-0.48353499 0.11785200 -0.33951199
-0.48024601 0.08948030 -0.34147400
-0.48333099 -0.12147000 -0.30233899
-0.48333099 0.12211100 -0.30233899
-0.48374701 -0.08756670 -0.32411301
-0.48287001 0.08670260 -0.32426500
-0.48226500 -0.04432500 0.09263490
-0.48226500 0.04496610 0.09263490
-0.48094699 -0.09957260 -0.36649501
-0.48001099 0.10142600 -0.37042499
-0.47980300 -0.05061950 0.11987000
-0.48054901 0.05060800 0.12005500
-0.47818199 -0.08220580 -0.30764201
-0.47830099 0.08301040 -0.30685499
-0.47884899 -0.03662940 0.14089000
-0.47884899 0.03727050 0.14089000
-0.47725499 -0.11485800 -0.37135801
-0.47670099 0.11650300 -0.37037700
-0.47655100 -0.10124600 -0.39904901
-0.47639999 0.10195800 -0.40021899
-0.47518101 -0.08821760 -0.36181501
-0.79560000 0.00032056 0.22597501
-0.47420499 0.00032056 0.15803200
-0.47473100 -0.06496820 0.05580250
-0.47467101 0.06699440 0.05512080
-0.47160101 -0.12069500 -0.40976301
-0.47183901 0.12077400 -0.41143000
-0.47093001 0.00032056 0.06414970
-0.46939299 -0.08439600 -0.28112701
-0.46757299 0.08416580 -0.27939299
-0.46856099 -0.11544200 -0.24518900
-0.46989501 0.11596800 -0.24929500
-0.47183901 -0.10028100 -0.42722899
-0.47079000 0.10055500 -0.43305200
-0.46601200 -0.13668400 -0.33157101
-0.46478301 0.13821800 -0.33262399
-0.46561101 -0.08578070 -0.39390600
-0.46304300 0.08581570 -0.40744099
-0.46500701 -0.06251230 -0.00165623
-0.46459299 0.06360930 -0.00438872
-0.46397701 -0.07311080 0.10355000
-0.46238199 0.07543100 0.10507100
-0.46380901 -0.12218700 -0.47034800
-0.46297699 0.12394600 -0.47107300
-0.46351099 -0.09682410 -0.46515900
-0.46357399 0.09833310 -0.46933299
-0.46325201 0.00032056 0.16520500
-0.46059701 -0.13231800 -0.27954099
-0.45725399 0.13352700 -0.27381599
-0.46133599 -0.04793080 0.14733100
-0.46255100 0.04608540 0.14814000
-0.46136299 -0.12257900 -0.00344894
-0.46136299 0.12322000 -0.00344894
-0.45811900 -0.14166801 -0.31106499
-0.45710701 0.14269599 -0.30969501
-0.45811400 -0.12111800 0.03739460
-0.45887300 0.12025100 0.03831740
-0.45862100 -0.10341500 -0.48846200
-0.45829600 0.10653300 -0.48889199
-0.45881200 -0.13866800 -0.36292201
-0.46030501 0.13765100 -0.36653599
-0.45686001 -0.07480350 -0.33609000
-0.45943600 0.07629840 -0.33265001
-0.45688200 -0.11813000 -0.04833770
-0.45704201 0.11802200 -0.04756300
-0.45557001 -0.14038500 -0.40819001
-0.45752600 0.13962200 -0.41244000
-0.45547399 -0.08648300 -0.25089499
-0.45547399 0.08712420 -0.25089499
-0.45518699 -0.05670990 -0.04537970
-0.45542300 0.05750770 -0.04435370
-0.45367801 0.00032056 0.18007000
-0.45336300 -0.11675000 -0.19842701
-0.45336300 0.11739100 -0.19842701
-0.45167500 -0.14275201 -0.44764000
-0.45318899 0.14269200 -0.44213399
-0.45148799 -0.07873720 -0.44394600
-0.45268801 0.07999410 -0.44369301
-0.45178801 -0.13631099 -0.49063399
-0.45071799 0.13799900 -0.49161500
-0.45162699 -0.09224780 -0.49179801
-0.45212799 0.09155780 -0.48832801
-0.45101601 -0.11246300 -0.13845800
-0.45099199 0.11311200 -0.14128400
-0.45084900 0.12729800 -0.50334001
-0.45084900 -0.12665699 -0.50334001
-0.44970500 -0.11609200 -0.09201390
-0.44966900 0.11689100 -0.08665570
-0.44912401 -0.11455300 0.08707220
-0.44915900 0.11624000 0.08553570
-0.44920701 -0.14419299 -0.47706899
-0.44920701 0.14483400 -0.47706899
-0.44898301 -0.10748300 -0.50619102
-0.44911999 0.10509800 -0.50591499
-0.44867101 -0.04524390 0.16404200
-0.44867101 0.04588500 0.16404200
-0.44551000 -0.07346130 -0.36543199
-0.44589099 0.07422770 -0.37162501
-0.44736999 -0.13082500 -0.24426100
-0.44736999 0.13146600 -0.24426100
-0.44396999 -0.07001480 -0.31246999
-0.44255799 0.07060630 -0.31126100
-0.44475901 -0.05785160 -0.05194030
-0.44475901 0.05849270 -0.05194030
-0.44317901 -0.12906200 -0.51401699
-0.44093001 0.13462199 -0.51486200
-0.44312000 -0.09108320 -0.50532299
-0.44055799 0.08912510 -0.50564402
-0.44240201 -0.08667130 0.13430700
-0.44510901 0.08316410 0.13448399
-0.44201300 -0.07924610 -0.48622501
-0.43876201 0.07984040 -0.49333000
-0.44259599 -0.07551210 -0.46606001
-0.44116199 0.07551690 -0.47255000
-0.44153401 0.14433300 -0.50566900
-0.44288301 -0.14243700 -0.50408798
-0.43885800 -0.15121999 -0.29484901
-0.43879199 0.15252700 -0.29704899
-0.43828800 -0.11133200 -0.51890701
-0.43991101 0.11611400 -0.51807499
-0.43707901 -0.15209700 -0.49516299
-0.43726000 -0.07187670 -0.41152200
-0.43662900 0.07242420 -0.40326199
-0.43413901 -0.14889400 -0.38919699
-0.43438199 0.14962900 -0.38279501
-0.43513399 -0.14650200 -0.51552099
-0.43379399 0.14562400 -0.51765198
-0.43442199 -0.15151501 -0.32870901
-0.43437600 0.15211000 -0.32934201
-0.43432599 -0.07038800 -0.12217300
-0.43434200 0.07041250 -0.11963600
-0.43413299 -0.15466000 -0.13846500
-0.43413299 0.15530100 -0.13846500
-0.43385601 -0.08874370 -0.19771600
-0.43385601 0.08938480 -0.19771600
-0.43304199 0.15075301 -0.34787399
-0.43490800 -0.09599460 -0.51698798
-0.43484500 0.09802950 -0.51767403
-0.43191701 -0.16037799 -0.07494570
-0.43215099 0.16041499 -0.08165110
-0.42822900 -0.06948520 -0.28724399
-0.43183100 0.06983680 -0.29200700
-0.43182099 -0.07908180 -0.50558901
-0.43145999 0.08095700 -0.50778300
-0.43290800 0.13087700 -0.52430999
-0.43356600 -0.13424499 -0.52295500
-0.43122900 -0.14556900 -0.20175900
-0.43122900 0.14621000 -0.20175900
-0.42939299 -0.07146360 -0.48747599
-0.42808300 0.07199790 -0.48990101
-0.42886201 -0.15058599 -0.42282799
-0.42985499 0.15041500 -0.41280800
-0.42947599 0.15635499 -0.51021802
-0.42912501 -0.15631400 -0.50844002
-0.42699301 -0.15419801 -0.45288101
-0.42838401 0.15403600 -0.45087799
-0.42438000 -0.06858380 -0.44752899
-0.42584801 0.06951490 -0.44390300
-0.42489800 -0.15214200 -0.31638899
-0.42489800 0.15278400 -0.31638899
-0.42135799 -0.11506900 0.12314000
-0.42145801 0.11509200 0.12375600
-0.42260501 -0.08223940 -0.51891899
-0.42302501 0.08404620 -0.51927698
-0.42381799 0.00032056 -0.02121860
-0.42301100 -0.12450800 -0.53111899
-0.42395201 0.11975100 -0.53060597
-0.42078599 -0.10649200 -0.53042501
-0.42034999 0.10320600 -0.52964997
-0.42281601 0.00032056 -0.02723690
-0.42263201 -0.16550399 -0.02967680
-0.42263201 0.16614600 -0.02967680
-0.42151201 -0.14308099 -0.52957600
-0.42370701 0.14086500 -0.52894902
-0.42199600 -0.06716500 -0.32782301
-0.42250901 0.06787700 -0.32657301
-0.41987401 -0.06766520 -0.34466201
-0.41987401 0.06830610 -0.34466100
-0.41787899 -0.07116370 -0.50581801
-0.41651800 0.07237260 -0.50909698
-0.41955900 -0.16025700 -0.48357299
-0.41955900 0.16089800 -0.48357299
-0.41937101 0.00032056 0.20419200
-0.42140299 -0.15785900 -0.52183098
-0.41452301 0.16768600 -0.50239700
-0.41305199 -0.16784400 -0.50183100
-0.41481099 -0.15574101 -0.25389001
-0.41481099 0.15638199 -0.25389001
-0.41428199 -0.16728701 -0.51429701
-0.41617599 -0.06726050 -0.47275200
-0.41382501 0.06731280 -0.47365701
-0.41494000 -0.07094930 -0.37217301
-0.41359001 0.07185900 -0.37507001
-0.40621001 -0.14608900 -0.53456199
-0.41242099 -0.05719420 0.18515700
-0.41324401 0.06054890 0.18222800
-0.41109899 -0.16593400 0.01799170
-0.40976501 0.16793600 0.01432610
-0.41143000 0.15801001 -0.53105098
-0.41200200 -0.15921099 -0.53029603
-0.40646300 -0.07066340 -0.30987701
-0.40629700 0.07135210 -0.30969900
-0.40804201 -0.07108510 -0.26063499
-0.40804201 0.07172620 -0.26063499
-0.40790799 -0.15912700 0.06565010
-0.40768000 0.15955700 0.06633250
-0.40826699 -0.07291600 -0.51976502
-0.40760601 0.07361370 -0.52050298
-0.40872300 -0.07564680 -0.41414800
-0.40694600 0.07621380 -0.41844699
-0.40829301 -0.08643580 -0.52993703
-0.40551701 0.08582580 -0.53098100
-0.40474501 -0.14292599 -0.42318100
-0.40314600 0.14219300 -0.42137301
-0.40644899 -0.17006700 -0.52642602
-0.40308800 0.17277500 -0.52776802
-0.40406400 -0.14180700 -0.38090399
-0.40403900 0.14244300 -0.37698001
-0.40640700 -0.06644980 -0.49381199
-0.40240601 0.06689410 -0.49331000
-0.40237501 -0.02035120 -0.06587600
-0.40330699 0.02237270 -0.06722500
-0.40629700 -0.10032200 -0.53476697
-0.39785099 0.10117800 -0.53699702
-0.40185800 -0.10354100 0.15696099
-0.40307000 0.09860290 0.16038799
-0.40424699 -0.14851999 -0.45455900
-0.40158099 0.14845499 -0.45460001
-0.40057501 -0.07481320 -0.44824401
-0.39901200 0.07443300 -0.45360300
-0.40090400 -0.11820700 -0.53810102
-0.40027800 0.11649400 -0.53841001
-0.39369801 0.00032056 -0.05141570
-0.39866000 -0.16952100 -0.49024200
-0.39682099 0.16973200 -0.48959300
-0.39652801 -0.16562900 -0.53660601
-0.39767200 0.16206200 -0.53631002
-0.39665800 -0.14132001 -0.33387500
-0.39854699 0.14322400 -0.33474699
-0.39915699 -0.17741001 -0.51714599
-0.39414299 0.18045700 -0.51759601
-0.39393100 -0.06626620 -0.51011002
-0.39246801 0.06683090 -0.50953501
-0.39673501 -0.14025000 -0.34432799
-0.39806899 0.14117400 -0.34968999
-0.38430399 0.13756700 -0.53831702
-0.38654000 -0.13780200 -0.53809398
-0.39407399 -0.17815700 -0.50460100
-0.39800999 0.17656299 -0.50321198
-0.39296001 -0.15126900 -0.29348600
-0.39259300 0.15226300 -0.29238400
-0.39558101 -0.14037301 -0.44713300
-0.39361301 0.13931400 -0.44699100
-0.39373901 -0.14601000 0.10815400
-0.39373901 0.14665100 0.10815400
-0.39277700 -0.09067400 -0.38464600
-0.39333299 0.09072240 -0.38698500
-0.39358801 -0.13409799 -0.43247700
-0.38803899 0.12864700 -0.43199101
-0.39334199 0.17433600 -0.53443199
-0.39288101 -0.17489700 -0.53365898
-0.39296600 -0.12706500 0.13938500
-0.39296600 0.12770601 0.13938500
-0.38111699 0.06985020 -0.48814899
-0.38975799 -0.09464930 -0.41669601
-0.38970599 0.09530020 -0.41686201
-0.39118999 -0.08616840 -0.35431501
-0.39223701 0.08574590 -0.35348600
-0.38474500 -0.07617350 -0.28376800
-0.38823399 0.07620190 -0.28680900
-0.38947001 -0.05132220 -0.14051600
-0.38947001 0.05196330 -0.14051600
-0.39326999 -0.07829090 -0.53047699
-0.38843000 -0.06668480 -0.22224700
-0.38843000 0.06732590 -0.22224700
-0.38768700 -0.16168500 -0.48175901
-0.39051300 0.16134299 -0.48012000
-0.37850699 0.15678000 -0.53973800
-0.38756800 -0.08335620 -0.33026299
-0.38756800 0.08399740 -0.33026299
-0.38875300 -0.10913500 -0.53896099
-0.37999499 0.10323600 -0.53820699
-0.38693601 -0.16296300 -0.22197400
-0.38693601 0.16360401 -0.22197400
-0.38629299 -0.11875900 -0.41546100
-0.38586900 0.11950500 -0.41732901
-0.38153201 0.06661090 -0.50000799
-0.38621300 0.06977060 -0.52279001
-0.38381001 -0.06946960 -0.52490199
-0.38632399 -0.08906400 -0.53688902
-0.38325599 0.08783630 -0.53675199
-0.38470301 -0.11680000 -0.37273100
-0.38485801 0.11704900 -0.37796000
-0.38477600 0.18266299 -0.53024101
-0.38567901 -0.18182699 -0.52861202
-0.38375801 -0.13283500 -0.45216399
-0.38260201 0.13598800 -0.45647299
-0.37699100 -0.17065699 -0.48931000
-0.38040599 0.17115501 -0.48876300
-0.38292101 -0.13826500 -0.32005301
-0.38284600 0.13930701 -0.31860399
-0.38294801 -0.07730810 -0.47125700
-0.38205001 0.07793300 -0.47225299
-0.38245499 0.17054801 -0.54016000
-0.38248101 -0.17200600 -0.54026800
-0.37830800 -0.14797500 -0.47507399
-0.38008699 0.14772800 -0.47370899
-0.38046801 -0.09639130 -0.44612899
-0.38046801 0.09703240 -0.44612899
-0.37995300 -0.17927900 -0.49559799
-0.37855500 0.18029100 -0.49686399
-0.37944001 -0.11414200 -0.34892800
-0.37944001 0.11478300 -0.34892800
-0.37716401 -0.12232900 -0.45036599
-0.37905499 0.12429400 -0.44668600
-0.37251699 -0.10975000 -0.53861201
-0.37623700 -0.18536299 -0.51063800
-0.37739101 0.18573099 -0.51024199
-0.38087100 -0.07831710 -0.53344601
-0.37649399 -0.08886480 -0.30788001
-0.37592599 0.09038090 -0.30998999
-0.37515000 -0.11786800 -0.33502001
-0.37515000 0.11851000 -0.33502001
-0.37537599 0.18105900 -0.53628099
-0.37689501 -0.18038499 -0.53581500
-0.37408501 -0.17500600 -0.16741900
-0.37408501 0.17564701 -0.16741900
-0.37097701 -0.18482800 -0.52755100
-0.37195301 0.18555699 -0.52872199
-0.36585701 -0.08257330 -0.53736001
-0.37173799 0.06643360 -0.51150000
-0.37265801 -0.06570190 -0.51415402
-0.37099200 -0.04353850 0.21630800
-0.37231699 0.04359810 0.21621899
-0.36963701 0.00060626 0.22919500
-0.37144199 -0.18436500 -0.09005160
-0.37144199 0.18500701 -0.09005160
-0.37073201 -0.07271910 -0.53312898
-0.37304401 0.07288360 -0.53184903
-0.36524400 0.06866280 -0.52315599
-0.36467901 -0.06904300 -0.52631998
-0.38001400 -0.06588620 -0.50170702
-0.36420500 -0.15205500 -0.54023200
-0.36686000 -0.10446900 -0.45982900
-0.36681801 0.10350900 -0.45984599
-0.36707801 -0.13560900 -0.47239500
-0.36707801 0.13625000 -0.47239500
-0.36169100 -0.18110800 -0.53435099
-0.36106801 0.18075500 -0.53526503
-0.36329001 -0.17388600 -0.54028600
-0.36405799 0.17649999 -0.53999400
-0.36261001 -0.15647601 -0.26713300
-0.36261001 0.15711799 -0.26713300
-0.36249200 -0.11381200 -0.31239900
-0.36542299 0.11474100 -0.31718099
-0.36017299 -0.08099350 -0.26155201
-0.36115101 0.08051000 -0.26013300
-0.36611900 -0.17274900 -0.49226901
-0.36529699 0.17283200 -0.49195999
-0.36175799 -0.08754960 -0.47413099
-0.35962501 0.09014630 -0.47453499
-0.35802501 -0.13552900 -0.29464000
-0.36223000 0.13634101 -0.29897299
-0.35993499 -0.11586800 -0.46745199
-0.35898101 0.12161100 -0.46853399
-0.35909200 -0.11138100 -0.54072499
-0.35793099 0.11424800 -0.54111302
-0.35896799 0.08197290 -0.47979400
-0.36014700 0.00032056 -0.07262410
-0.35787001 -0.12944800 -0.47219700
-0.35635701 0.13014400 -0.47254100
-0.35831401 -0.08905110 0.19185600
-0.35780701 0.09099610 0.19122601
-0.36357799 0.13578700 -0.54065400
-0.35708299 -0.13317700 -0.54086798
-0.35557500 -0.09420790 -0.28996500
-0.35659900 0.09461740 -0.29082301
-0.35417199 -0.09813540 -0.47207201
-0.35652399 0.09802340 -0.47101501
-0.35912201 -0.17988800 -0.50554699
-0.35947099 0.18072499 -0.50599903
-0.35553700 0.07506100 -0.53528702
-0.35409400 -0.07552070 -0.53549999
-0.35400599 -0.09689690 -0.53881001
-0.35605901 0.09425100 -0.53840500
-0.35777599 -0.06793550 -0.50316298
-0.35646099 0.06945240 -0.50145000
-0.35468599 0.16534799 -0.54025298
-0.35049501 -0.16425300 -0.53995901
-0.35475501 -0.18331601 -0.52688199
-0.35339200 0.18342701 -0.52750897
-0.35299101 -0.17292599 -0.50031400
-0.35273600 0.17444400 -0.50163198
-0.35031000 -0.06809130 -0.51534998
-0.34820899 0.06969880 -0.51450300
-0.35016301 -0.16117500 -0.48297000
-0.35007399 0.16256100 -0.48413301
-0.34885499 -0.07001300 -0.52570897
-0.34556401 0.07165060 -0.52600998
-0.34791201 -0.17458300 -0.53497797
-0.34649500 0.17489199 -0.53479898
-0.34710601 0.09180050 -0.53928101
-0.34646499 -0.08989120 -0.53890699
-0.34614700 -0.17636700 -0.51745999
-0.34642300 0.17705400 -0.51886398
-0.34493399 -0.17598701 0.02956730
-0.34833899 0.17634401 0.02824680
-0.34552100 -0.18547800 -0.03478820
-0.34476900 0.18614800 -0.03339270
-0.34519401 0.13431500 -0.54003400
-0.34198299 -0.15602300 -0.54265302
-0.34152800 0.15826599 -0.54209697
-0.34244701 -0.07549630 -0.53359902
-0.34229100 0.07615390 -0.53358102
-0.34204000 -0.08008820 -0.48872101
-0.34161699 0.08236490 -0.48793000
-0.34074199 -0.11981200 -0.28234199
-0.33850199 0.11798100 -0.28059199
-0.33950099 -0.02309960 -0.09121020
-0.33950099 0.02374070 -0.09121020
-0.34032199 -0.14544199 -0.47992101
-0.33889499 0.14660700 -0.48032200
-0.33723399 0.12746701 -0.54144102
-0.34046799 -0.12250800 -0.54199201
-0.34088099 -0.08526970 -0.53736299
-0.34316999 0.08558410 -0.53740400
-0.34071299 -0.16672100 0.07980030
-0.33896801 0.16871700 0.07576070
-0.33895200 -0.13131100 0.16190100
-0.33840600 0.13101000 0.16340500
-0.33140001 -0.08298190 -0.53421003
-0.33379900 0.08390150 -0.53516102
-0.33237001 -0.16986699 -0.50127798
-0.33355901 0.17111400 -0.50162601
-0.33154401 -0.07932160 -0.50251400
-0.33243099 0.07912040 -0.50215298
-0.33357200 -0.09315030 -0.48518699
-0.33284301 0.09346510 -0.48642701
-0.33065599 -0.17360300 -0.52954400
-0.33071700 0.17413899 -0.52866000
-0.33709601 0.14883000 -0.54039103
-0.33390501 -0.14874300 -0.53998500
-0.33043200 -0.11008200 -0.47919601
-0.33073500 0.11075200 -0.47890800
-0.33104300 -0.16386101 -0.53846902
-0.33086801 0.16434699 -0.53848600
-0.33005199 -0.07513620 -0.22972000
-0.33005199 0.07577730 -0.22972000
-0.32998401 -0.09472590 -0.49215600
-0.33044800 0.09585470 -0.49142200
-0.33614400 -0.09537860 -0.53730798
-0.33366901 0.09638130 -0.53679597
-0.32915601 -0.04691290 -0.15043899
-0.32913801 0.04699840 -0.14887799
-0.32853001 -0.15832300 0.12038200
-0.32853001 0.15896501 0.12038200
-0.32817900 -0.07643450 -0.52523500
-0.32812801 0.07709110 -0.52522999
-0.32840401 -0.13023300 -0.47879100
-0.32893100 0.13071500 -0.47861400
-0.30552700 -0.14618500 -0.23942199
-0.30348200 0.14716400 -0.23732300
-0.32609299 -0.12177100 -0.54113501
-0.32765999 0.12120100 -0.54100603
-0.32549199 0.10304000 -0.53494298
-0.32900399 -0.10494300 -0.53609300
-0.32603601 0.15383001 -0.53806400
-0.32421601 -0.15339600 -0.53740001
-0.32046199 -0.17241500 -0.20834000
-0.33511201 0.16816901 -0.22672300
-0.32498699 -0.14295900 -0.49220401
-0.32504201 0.14330800 -0.49245501
-0.32523000 -0.10106900 -0.26455599
-0.32307601 0.10219700 -0.26275200
-0.32243899 -0.09095960 -0.53264999
-0.32400900 0.09015410 -0.53332698
-0.31832999 -0.14341000 -0.53447002
-0.31832999 0.14405100 -0.53447002
-0.31822199 -0.15042301 -0.50147998
-0.31822199 0.15106399 -0.50147998
-0.31657800 -0.11492000 -0.53565401
-0.31884801 0.11581800 -0.53674799
-0.31742600 -0.09688730 -0.50379699
-0.31882700 0.09557360 -0.50389600
-0.32127601 -0.13463899 -0.53783101
-0.32148099 0.13423000 -0.53817201
-0.31653500 -0.10491500 -0.53022301
-0.31669700 0.10457500 -0.52985001
-0.31569099 -0.05248730 0.22970900
-0.31216699 0.05630850 0.22875100
-0.31568399 -0.09598350 -0.52621102
-0.31532699 0.09702230 -0.52759397
-0.31567401 -0.15777899 -0.52975702
-0.31463000 0.15798400 -0.52913898
-0.31462699 0.00032056 0.24335100
-0.31282401 -0.14508000 -0.51907402
-0.31282401 0.14572100 -0.51907402
-0.31115001 -0.11311900 -0.50015497
-0.31215400 0.11318800 -0.49839401
-0.30928400 -0.12737501 -0.53509802
-0.30928400 0.12801600 -0.53509802
-0.30806801 -0.13959201 -0.53013402
-0.30822900 0.14040500 -0.52961999
-0.30769101 -0.13633300 -0.50300699
-0.30769101 0.13697401 -0.50300699
-0.30920601 -0.12314500 -0.25146800
-0.30649999 0.12468400 -0.24882500
-0.30572701 -0.11821300 -0.52647197
-0.30560201 0.11771700 -0.52627701
-0.30530599 -0.09587360 0.20918401
-0.30277199 0.09843690 0.20910800
-0.30176401 0.00032056 -0.08410880
-0.28757900 -0.12672099 0.18407400
-0.29015899 0.12537700 0.18531100
-0.28442699 -0.09325700 -0.20712100
-0.28674901 0.09562630 -0.21152601
-0.28189999 -0.18271200 -0.15967500
-0.28426501 0.18272200 -0.16265699
-0.27059001 -0.03431130 -0.09639500
-0.27059001 0.03495240 -0.09639500
-0.26941299 -0.17827900 0.02535900
-0.27230901 0.17813800 0.02961920
-0.26696801 -0.11938700 -0.21534400
-0.26706600 0.11944000 -0.21563500
-0.26886800 -0.14946900 0.14772500
-0.26886800 0.15011001 0.14772500
-0.26655301 -0.16649300 0.09290550
-0.26773399 0.16702600 0.09524170
-0.26759699 -0.06493950 -0.15824100
-0.26759699 0.06558060 -0.15824100
-0.26737300 -0.18402401 -0.03798150
-0.26250699 0.18377700 -0.03299310
-0.26295599 -0.18574999 -0.10445300
-0.26248199 0.18657400 -0.09931880
-0.25374901 -0.04739130 0.24382500
-0.25690401 0.04556000 0.24380000
-0.25204399 0.00032056 0.24980800
-0.24995001 -0.08796360 0.22425599
-0.24995001 0.08860470 0.22425599
-0.24115101 0.00032056 -0.10658100
-0.24174100 -0.11856600 0.19475900
-0.24207300 0.11913300 0.19481200
-0.24010700 -0.15615600 -0.17366999
-0.24010700 0.15679701 -0.17366999
-0.22833601 -0.04895240 -0.09843140
-0.22833601 0.04959350 -0.09843140
-0.22666401 -0.11585500 -0.17080700
-0.22761400 0.11656500 -0.17186099
-0.21814500 -0.05065480 0.24355701
-0.22195099 0.05231540 0.24317101
-0.21898399 0.00019040 0.25905901
-0.21939200 -0.15282100 0.10330900
-0.22128600 0.15336700 0.10639800
-0.20684500 -0.08357000 0.22335100
-0.21195400 0.08557150 0.22255100
-0.20736700 -0.15992300 0.04839920
-0.20736700 0.16056401 0.04839920
-0.20861199 -0.15198000 -0.13260201
-0.20718300 0.15243100 -0.13073801
-0.20746700 -0.09723490 -0.13629700
-0.20673899 0.09716960 -0.13498800
-0.20660500 -0.16860500 -0.02559780
-0.20660500 0.16924600 -0.02559780
-0.20556299 -0.11743400 0.18850800
-0.20446900 0.11860800 0.18702701
-0.20433301 -0.09575960 -0.10957500
-0.20433301 0.09640080 -0.10957500
-0.19861899 -0.15764201 -0.07381770
-0.20069800 0.15914699 -0.07898380
-0.19481200 -0.13676800 0.14338499
-0.19481200 0.13740900 0.14338499
-0.19455200 0.00032056 -0.12025400
-0.18895000 -0.05657630 -0.10235300
-0.18890300 0.05567430 -0.10260800
-0.18808000 -0.12482500 -0.10577600
-0.18734100 0.12290200 -0.10381700
-0.18695900 -0.08753830 -0.10101500
-0.18695900 0.08817940 -0.10101500
-0.18488100 -0.14166901 0.09091480
-0.18461201 0.14239500 0.08884780
-0.18055700 -0.04350950 0.24766999
-0.18055700 0.04415060 0.24766999
-0.17775799 -0.14391799 0.03605010
-0.17756000 0.14440200 0.03395140
-0.17710300 -0.11126300 -0.08465340
-0.17709801 0.11191900 -0.08463090
-0.17937499 0.00032056 0.26104301
-0.17329700 -0.14037600 -0.01119010
-0.17335100 0.14106700 -0.01217410
-0.17164201 -0.08628130 0.22021000
-0.17164201 0.08692240 0.22021000
-0.17156801 -0.12835000 -0.05865990
-0.17115401 0.12845600 -0.05978840
-0.16485400 -0.11848800 0.17412201
-0.16402800 0.11915000 0.17398700
-0.15418400 -0.13346399 0.12564699
-0.15820700 0.13538700 0.12177100
-0.15292700 -0.04334890 -0.12283200
-0.15638199 0.04406230 -0.12204100
-0.15318400 -0.07992430 -0.11551100
-0.15359700 0.08229190 -0.11508200
-0.15116400 -0.11448600 -0.09309130
-0.14829400 0.11416700 -0.09431110
-0.15314600 -0.00336934 -0.12482300
-0.15056600 -0.14184000 0.07030460
-0.15056600 0.14248100 0.07030460
-0.14909600 -0.13982099 0.02335160
-0.14912400 0.14050101 0.02425920
-0.14531100 -0.13535100 -0.03063240
-0.14531100 0.13599201 -0.03063240
-0.13802899 -0.13056900 -0.06377550
-0.13754800 0.13108200 -0.06414840
-0.13655500 0.00032056 0.24986100
-0.13086000 -0.04499930 0.24286900
-0.13083901 0.04607750 0.24259400
-0.12366000 -0.08855930 0.21624599
-0.12206200 0.08932710 0.21627000
-0.11628400 -0.11832000 0.16898400
-0.11519400 0.12185200 0.16323400
-0.11087000 -0.13803300 0.11756800
-0.11087000 0.13867401 0.11756800
-0.11303500 -0.00039870 -0.13498400
-0.09752670 -0.14989300 0.01660820
-0.10218000 0.14965200 0.01862560
-0.08824790 -0.12647000 -0.07598360
-0.09033820 0.12969100 -0.06952940
-0.09487960 -0.13938500 -0.03717520
-0.09252860 0.14155500 -0.03099250
-0.08885840 -0.10568000 -0.11132100
-0.09529320 0.10581800 -0.11040500
-0.09566900 -0.03239010 -0.13717701
-0.09152750 0.03318660 -0.13814899
-0.08833780 -0.07323910 -0.13067000
-0.09656700 0.07227620 -0.12923101
-0.07860060 0.00032056 0.26245001
-0.07161560 -0.04624330 0.25279799
-0.06761750 0.04689590 0.25352800
-0.06425140 -0.08784850 0.22496800
-0.06237720 0.08953940 0.22449499
-0.05963120 -0.11994400 0.17840900
-0.06058950 0.12212000 0.17601500
-0.05697050 -0.14523600 0.12348900
-0.05687740 0.14642100 0.12229100
-0.04784770 -0.15848000 0.06541990
-0.04950720 0.15870699 0.06767330
-0.04945860 -0.15684400 0.01068980
-0.04623470 0.15881300 0.01446390
-0.04812160 -0.08632060 -0.13816001
-0.04571680 0.08581880 -0.13974400
-0.04616990 -0.14588299 -0.03546940
-0.04216650 0.14706700 -0.03495370
-0.04603150 -0.04676760 -0.14895999
-0.04413920 0.04844400 -0.14932001
-0.04281270 0.00032056 -0.15769400
-0.03601390 -0.12833500 -0.08278230
-0.03317640 0.13213401 -0.07634320
-0.03710220 -0.10895500 -0.11467600
-0.03336920 0.11038300 -0.11453100
-0.01501150 -0.05131750 0.25358599
-0.02020720 0.05145860 0.25358000
-0.01311070 -0.12846801 0.17484801
-0.00767893 0.12971900 0.17318800
-0.02153280 -0.00078287 0.26505101
-0.00730880 -0.09432070 0.22220500
-0.00730880 0.09496180 0.22220500
-0.00559521 -0.15181100 0.11992000
-0.01435590 0.15174100 0.11911000
-0.00254664 -0.16075400 0.01078110
0.00099829 0.16151901 0.01253640
-0.00207955 -0.03495880 -0.15924300
-0.00127004 0.03567480 -0.15929399
0.00098668 -0.08003390 -0.14840800
0.00098668 0.08067500 -0.14840800
0.01022060 0.00101049 -0.16090199
0.01010580 -0.13199800 -0.08642610
0.01086810 0.13307300 -0.08542970
0.00753561 -0.11419600 -0.11984900
0.00862414 0.11336300 -0.12109300
0.00856335 -0.14868800 -0.04697770
0.00856335 0.14932901 -0.04697770
0.03476710 -0.04970000 0.25488001
0.03265210 0.05022790 0.25497001
0.02197240 -0.09466820 0.22012100
0.02197240 0.09530930 0.22012100
0.03391190 -0.16184001 0.04934100
0.02083820 0.16216999 0.04997540
0.03393160 -0.15580800 0.10780600
0.03393160 0.15644901 0.10780600
0.04886830 -0.03626490 -0.15927200
0.03897250 0.04312750 -0.15865301
0.04111280 -0.11629800 -0.11708400
0.04846620 0.11685000 -0.11589100
0.04698070 -0.16103700 0.00354210
0.04377920 0.16150700 0.00050583
0.04346920 -0.08679700 -0.14310700
0.04346920 0.08743810 -0.14310700
0.05536580 -0.13601600 -0.07981600
0.04816140 0.13470100 -0.08362770
0.05785450 -0.15403400 -0.04754250
0.06029130 0.15404101 -0.04856600
0.09584650 -0.09217470 0.22341999
0.09334010 0.09256630 0.22345400
0.09056970 -0.12973399 0.16896699
0.09056970 0.13037500 0.16896699
0.09284070 -0.15972200 0.06383600
0.09284070 0.16036400 0.06383600
0.10474400 -0.05348700 0.25264400
0.10063100 0.05198120 0.25336701
0.09753160 0.00032056 0.26691800
0.09189860 -0.14957701 0.11050200
0.09748780 0.15014400 0.10836500
0.10960300 -0.15782800 0.01356280
0.11030500 0.15864800 0.00973689
0.10507200 -0.00007144 -0.16282600
0.11537400 -0.12573300 -0.09577720
0.11537400 0.12637401 -0.09577720
0.11891800 -0.10640800 -0.12097800
0.11891800 0.10704900 -0.12097800
0.12836400 -0.13961799 -0.06887550
0.12626900 0.14043100 -0.06821270
0.12706301 -0.06851150 -0.14483000
0.12494800 0.06708980 -0.14550400
0.12548500 -0.15097199 -0.03553010
0.11963700 0.15172800 -0.03775390
0.14168100 -0.14720300 0.11533900
0.14123400 0.14613400 0.12171300
0.15011699 -0.15339699 0.06861860
0.14644700 0.15442500 0.06526440
0.15528400 -0.12684201 0.17868400
0.15528400 0.12748300 0.17868400
0.16122700 -0.15626900 0.00736519
0.16122700 0.15691100 0.00736519
0.16130400 -0.04234310 0.26708701
0.16130400 0.04298420 0.26708701
0.16246399 -0.14830799 -0.04718160
0.16246399 0.14894900 -0.04718160
0.16278701 -0.13612300 -0.08166850
0.16278701 0.13676500 -0.08166850
0.16482200 -0.11617500 -0.12095200
0.16482200 0.11681600 -0.12095200
0.17797500 -0.15992001 0.04925430
0.17647400 0.15983400 0.05433360
0.16490400 -0.00222672 0.27265501
0.17014299 -0.08742230 0.24095000
0.17014299 0.08806340 0.24095000
0.17251100 -0.10066100 -0.13506500
0.17251100 0.10130200 -0.13506500
0.17929600 -0.15144400 0.12261300
0.17831300 0.15156201 0.12550600
0.18078800 -0.16022900 -0.00786438
0.17726700 0.15889899 -0.01063860
0.18558100 -0.15967999 -0.04518640
0.18636400 0.16073801 -0.05089370
0.18108900 -0.12839399 -0.17454401
0.18382899 0.13036300 -0.18284599
0.18534400 -0.15361699 -0.08708760
0.18492800 0.15416600 -0.08567650
0.18274800 -0.14449701 -0.12664400
0.18195000 0.14661400 -0.11887900
0.18876100 -0.00292788 -0.14447901
0.19120499 -0.10065200 -0.17379300
0.19177300 0.10388900 -0.17828500
0.19483000 -0.07808350 -0.14327200
0.19332100 0.08025060 -0.14271800
0.19434901 -0.14677501 -0.16367701
0.19681799 0.14952800 -0.16211399
0.19499400 -0.03921030 0.27811000
0.19584200 0.03977260 0.27838701
0.19961999 -0.16693901 0.00882948
0.19961999 0.16757999 0.00882948
0.19864400 -0.11889000 0.19952600
0.19874200 0.12043100 0.19819400
0.21323900 -0.16331200 0.06279850
0.20190600 0.15979899 0.08159370
0.20231400 -0.12850299 -0.24532200
0.20268901 0.12857400 -0.24764401
0.20719101 -0.17092000 -0.04175930
0.20719101 0.17156100 -0.04175930
0.20741799 -0.11299800 -0.25930801
0.20984501 0.11147300 -0.26374501
0.20828401 0.16526100 -0.12357700
0.20300600 -0.14263400 -0.21287800
0.20797201 0.14198400 -0.23450100
0.21131399 -0.17314100 -0.08595260
0.21101201 0.17362000 -0.08271980
0.21304600 -0.15007401 0.13755199
0.21304600 0.15071499 0.13755199
0.20860700 -0.08596340 0.25519899
0.20970200 0.08575750 0.25607800
0.20951100 -0.07975200 -0.17529801
0.21315099 0.08005430 -0.18378399
0.21075401 -0.00233536 0.28680500
0.21774299 -0.12521300 -0.30899501
0.21642800 0.12500900 -0.30299300
0.22574601 -0.16020800 -0.18841299
0.22612700 0.15769100 -0.20726700
0.22270501 -0.10926900 -0.32203600
0.22212900 0.11020600 -0.32094699
0.22213100 -0.14601800 -0.25999999
0.22213100 0.14665900 -0.25999999
0.22156399 -0.13654999 -0.28914100
0.22307700 0.13609500 -0.29652700
0.22805700 -0.09112380 -0.27830300
0.22525200 0.09253270 -0.27065101
0.22733399 -0.12369800 -0.36136499
0.22735500 0.12429900 -0.36162201
0.23172501 -0.05504180 -0.15448301
0.22988600 0.05605810 -0.15451600
0.23108700 -0.10752100 -0.37418601
0.23339599 0.10621100 -0.38468599
0.23152800 -0.04536140 0.28938100
0.23152800 0.04600250 0.28938100
0.23984900 0.14207000 -0.31284499
0.23397499 0.00150908 -0.14590800
0.23859601 -0.17451601 -0.13411000
0.23655200 0.17491800 -0.13438600
0.23583899 -0.06299630 -0.18483099
0.23583899 0.06363740 -0.18483099
0.23482400 -0.11810000 0.21562301
0.23534299 0.11915200 0.21494000
0.23676400 -0.08577190 0.26279700
0.23909600 0.08640140 0.26346800
0.23920800 -0.09085610 -0.32211101
0.23998000 0.09002830 -0.31562600
0.23895299 -0.10045900 -0.40500900
0.24054900 0.09933390 -0.40660200
0.24098501 -0.11583000 -0.42523399
0.24131000 0.11614200 -0.42561901
0.24882400 0.00051268 0.30429301
0.24382500 -0.18093801 -0.09041000
0.24382401 0.18154700 -0.09508530
0.24233200 -0.17496300 0.00818904
0.24140500 0.17585300 0.00177011
0.24445000 -0.08958440 -0.35927099
0.24731000 0.08859100 -0.36585599
0.24415700 -0.13839801 -0.34670401
0.24335501 0.13698401 -0.35543999
0.24923700 -0.16102199 -0.24077401
0.24165601 0.15712801 -0.25142801
0.24684800 -0.13282099 -0.39796701
0.24554200 0.13251200 -0.39915499
0.24924500 -0.17151199 -0.18093701
0.24523801 0.17120700 -0.18126500
0.24807601 -0.09676330 -0.42627200
0.24751300 0.09746890 -0.42522401
0.24727599 -0.17914499 -0.04136560
0.24894100 0.18044400 -0.05889380
0.24952000 -0.16284899 0.08634950
0.24653700 0.16430201 0.08305800
0.25404200 -0.12925699 -0.42972499
0.25102001 0.12873501 -0.42588601
0.25057799 -0.06985630 -0.25365299
0.25402299 0.07243550 -0.27489299
0.24996300 -0.14983600 -0.29887000
0.25488299 0.15171801 -0.30253100
0.26000801 -0.09956630 -0.44871601
0.26432300 0.09915560 -0.45428899
0.25713199 -0.14654000 0.15211999
0.25713199 0.14718100 0.15211999
0.26023400 -0.07610650 -0.32578900
0.25847101 0.07774070 -0.32397500
0.25912601 -0.07895760 -0.40438899
0.25886199 0.08060230 -0.41000500
0.26038501 -0.14442199 -0.35932499
0.25830400 0.14308500 -0.36765000
0.26283500 -0.08209280 -0.42966700
0.26411301 0.08354660 -0.43317699
0.26583800 0.13969199 -0.43315700
0.27008599 -0.14042100 -0.44094101
0.26965001 -0.13076600 -0.45713100
0.26966500 0.13174701 -0.45684299
0.26575801 -0.06278630 -0.18988600
0.26550701 0.06344840 -0.19019400
0.26523399 -0.07306770 -0.36518499
0.26602599 0.07347800 -0.37794301
0.26659200 -0.08716770 0.27442601
0.26659200 0.08780890 0.27442601
0.27162501 -0.11782400 -0.47205600
0.26982701 0.11725000 -0.46972701
0.26792699 -0.04530490 -0.14568800
0.26792699 0.04594600 -0.14568800
0.27558100 0.08241920 -0.44947100
0.26791701 -0.12006600 0.22400799
0.27027500 0.11949000 0.22809400
0.27102101 -0.16331400 -0.26335600
0.27313599 -0.17432401 -0.19774100
0.27423999 0.17429700 -0.20046300
0.27447599 -0.15406600 -0.31921601
0.27417400 0.15525900 -0.31464201
0.27663299 -0.17720400 -0.14193200
0.27475601 0.17905299 -0.13287701
0.27151600 -0.14339501 -0.42161000
0.27890101 -0.07336800 -0.26484901
0.27904099 0.07397890 -0.26598001
0.27010301 0.00005952 -0.14126800
0.27484399 -0.14813501 -0.36500201
0.27465901 0.15014200 -0.35390800
0.27811101 -0.06707600 -0.40612000
0.27931899 0.06777600 -0.40468600
0.27937201 -0.09749370 -0.47881401
0.27935699 0.10012700 -0.47988200
0.28156400 -0.06944450 -0.42915800
0.28069600 0.07105600 -0.43066999
0.27859700 -0.08574890 -0.46241501
0.28187901 0.08619970 -0.46727800
0.28292301 -0.18147101 -0.08452460
0.28051701 0.18187401 -0.08784990
0.28189299 -0.07397770 -0.32050100
0.28238100 0.07477090 -0.32515499
0.28467101 -0.14512201 -0.46640599
0.27948201 0.14362501 -0.45913601
0.28380799 0.14882299 -0.44474199
0.28816399 -0.07317350 -0.45172700
0.29204601 0.07441600 -0.45961100
0.28293100 -0.13684700 -0.47997999
0.28117001 0.13591400 -0.47740301
0.28795099 -0.14841600 -0.42074099
0.28628600 0.14903399 -0.42047000
0.28842199 -0.06894090 -0.37816200
0.28689399 0.06951160 -0.37466800
0.28941700 -0.07269700 -0.19259200
0.28941700 0.07333810 -0.19259200
0.28895599 -0.12277800 -0.49503499
0.29069501 0.12278100 -0.49759001
0.29171801 -0.18275000 -0.04071620
0.29171801 0.18339100 -0.04071620
0.29480800 -0.14731400 -0.37191099
0.29319900 0.14890900 -0.37378499
0.29559100 -0.09705370 -0.49701101
0.29212001 0.09864550 -0.49452901
0.28951201 -0.03716900 0.31079701
0.29922199 0.03725790 0.31473899
0.29737201 -0.14373700 -0.49846300
0.29398501 0.14210300 -0.49527600
0.29658800 -0.15310100 -0.48458999
0.29487401 0.15272000 -0.48245901
0.28548899 -0.15132301 0.14071900
0.28467700 0.15190600 0.14073500
0.29581499 -0.05625630 -0.14494900
0.29581499 0.05689740 -0.14494900
0.29492199 -0.15006500 -0.33416399
0.29731199 0.14958800 -0.33395499
0.29609400 -0.17857499 0.01129730
0.29609400 0.17921600 0.01129730
0.30155101 -0.15577599 -0.44749400
0.29734999 0.15560099 -0.44604599
0.29398099 -0.07845870 0.28950500
0.30008000 0.07873850 0.29135701
0.29861900 -0.16132700 -0.24115700
0.29845399 0.16072799 -0.25253999
0.29887101 0.07998570 -0.48182601
0.29234400 -0.08266300 -0.47741401
0.30638400 -0.16025400 -0.47379199
0.30113700 0.15764301 -0.47446400
0.29926199 -0.16760400 -0.18092600
0.29951200 0.16815500 -0.18114300
0.29929799 -0.12663500 0.22916199
0.29940799 0.12657800 0.23158200
0.29971999 -0.08483940 -0.25811401
0.30174500 0.08650580 -0.25165299
0.29949501 -0.14911900 -0.39940199
0.30041799 0.14930101 -0.39896300
0.30100501 -0.06656360 -0.44602701
0.30272600 0.06694570 -0.45208901
0.29846200 -0.08081820 -0.29491100
0.30142000 0.08213540 -0.30438301
0.30710900 -0.15660200 -0.49884400
0.30510700 0.15566100 -0.49850401
0.30357900 -0.11674900 -0.51053298
0.30359200 0.11842200 -0.51085401
0.30373999 -0.13585301 -0.50897598
0.30263999 0.13639200 -0.50789797
0.30031300 -0.16457500 0.08422620
0.29906601 0.16540000 0.08329120
0.30675900 -0.06589490 -0.41913000
0.30531400 0.06734200 -0.41295201
0.30334699 -0.07059730 -0.47086301
0.30698299 -0.15211400 -0.42790201
0.30854800 0.15140900 -0.42549101
0.30640399 -0.08341110 -0.49612600
0.30484599 0.08391430 -0.49455601
0.31063199 0.06994140 -0.47740901
0.30846301 -0.09705620 -0.50906402
0.30850801 0.09825920 -0.50915301
0.31092200 -0.15355700 -0.50718099
0.30910301 0.15267900 -0.50708801
0.31044799 0.06584710 -0.42937899
0.31377199 -0.07776410 -0.38070700
0.31354901 0.07954540 -0.37754700
0.31509301 -0.16136301 -0.46135700
0.31326699 0.16186100 -0.46233901
0.31307000 0.00032056 -0.13059400
0.31275499 -0.13882200 -0.36644301
0.31331801 0.13900700 -0.36491001
0.31560501 -0.08321100 -0.50580698
0.31394401 0.08477410 -0.50571603
0.31601200 -0.07271540 -0.49126101
0.31782201 0.07392270 -0.49442899
0.31572700 -0.13881201 -0.30801100
0.31629199 0.13806500 -0.31648701
0.31328601 -0.06495890 -0.45323601
0.31919500 0.06506630 -0.45268801
0.31869501 -0.15658800 -0.44524899
0.31679100 0.15708700 -0.44439200
0.31747699 -0.06690910 -0.47233701
0.31981999 -0.14302699 -0.23723701
0.31981999 0.14366800 -0.23723701
0.31984001 -0.10173200 -0.25582501
0.31971699 0.10217400 -0.25684401
0.32106701 -0.09684010 -0.19196500
0.32009500 0.09566240 -0.19193999
0.32020000 -0.16711800 -0.50134099
0.31851599 0.16699600 -0.49875501
0.32068101 -0.14223699 -0.40660200
0.32068101 0.14287800 -0.40660200
0.31990600 -0.09676450 -0.30847001
0.31959900 0.09780520 -0.30160999
0.31107301 0.00032056 0.32657200
0.32297501 -0.16761599 -0.09552390
0.32297501 0.16825700 -0.09552390
0.32813001 -0.16320699 -0.46144599
0.32622901 0.16343699 -0.46084201
0.32427600 -0.17081600 -0.48354900
0.32519999 0.17125399 -0.48137400
0.32500800 -0.16304900 -0.50871700
0.32855400 0.16699900 -0.50875902
0.32224101 0.13346000 -0.51481199
0.32949600 -0.13333400 -0.51573700
0.32746500 0.15387200 -0.51171499
0.32855201 -0.15111899 -0.51227999
0.32421201 -0.14883199 -0.18288600
0.32462099 0.14946599 -0.17958800
0.32624099 0.07720350 -0.41571701
0.32701299 -0.09476160 -0.36443400
0.32623699 0.09464600 -0.36194399
0.32461300 -0.07740270 -0.50528401
0.33151501 0.07617940 -0.50628603
0.32826200 -0.12344000 -0.23803499
0.32715100 0.12315000 -0.24512900
0.32799599 -0.11666600 -0.32168299
0.32795700 0.11640500 -0.32469699
0.32742399 -0.14568999 -0.42558399
0.32779801 0.14591400 -0.42471901
0.33078501 -0.12032300 -0.36870301
0.32991999 0.12063500 -0.36480600
0.33068800 -0.07776420 -0.42535099
0.33310500 0.07649580 -0.43341601
0.32999301 -0.06538890 -0.46248001
0.34011099 -0.16855800 -0.46738800
0.33879101 0.16833000 -0.46653101
0.32736000 -0.08922530 -0.51067501
0.33530599 -0.11949600 -0.17769700
0.33553201 0.11990900 -0.17616200
0.33717099 -0.07405850 0.30245900
0.33914399 0.07772160 0.30070299
0.35089701 0.14529400 -0.51578200
0.34765300 -0.14760500 -0.51500797
0.33898100 -0.06622660 -0.49515101
0.33809799 0.06691120 -0.49366799
0.33932000 -0.09387110 -0.40906900
0.33839399 0.09452170 -0.40573499
0.33865800 -0.06549250 -0.47644600
0.33945301 0.06616090 -0.47774699
0.34054500 -0.14680000 -0.12967101
0.34111899 0.14756399 -0.12836900
0.33991700 -0.12685999 0.22906600
0.33991700 0.12750100 0.22906600
0.34006700 -0.12386200 -0.41051799
0.34006700 0.12450300 -0.41051799
0.33945000 -0.07855220 -0.13411801
0.34071001 0.08089080 -0.13396700
0.33664799 -0.17145100 0.01869580
0.33610201 0.17210899 0.02176480
0.34181899 -0.14587501 -0.44023100
0.34018600 0.14736700 -0.43923399
0.34253401 -0.16258501 0.07797580
0.34253401 0.16322599 0.07797580
0.34376800 -0.07714400 -0.44666100
0.34263301 0.07592190 -0.44760799
0.34480101 -0.15509000 -0.45267901
0.33976701 0.15898000 -0.45511800
0.34230700 -0.17813000 -0.49911699
0.34064001 0.17804500 -0.49946600
0.34378099 0.07371570 -0.50828499
0.34331301 -0.07430840 -0.50863099
0.34556800 -0.09345260 -0.42413500
0.34562501 0.09326070 -0.42574301
0.34422600 -0.16644700 -0.51558000
0.34632400 0.16797499 -0.51603299
0.34241199 -0.17423201 -0.50924700
0.34490901 0.17607599 -0.50939298
0.34704301 -0.18037300 -0.48695299
0.34739000 0.18110099 -0.48786500
0.34831601 -0.11928900 -0.42598799
0.34796000 0.12090500 -0.42522800
0.34979701 -0.10678600 -0.51960897
0.34932500 0.10482500 -0.51899201
0.35338500 -0.07273710 -0.46198300
0.35338500 0.07337820 -0.46198300
0.35289001 0.14958400 -0.45131400
0.35712999 -0.12640899 -0.51964003
0.35571501 0.12098700 -0.52008498
0.35419300 -0.11856300 -0.12654200
0.35419300 0.11920400 -0.12654200
0.35616300 -0.16214700 -0.46260601
0.35860699 0.16071799 -0.46191201
0.35558999 -0.16607000 -0.04499560
0.35752001 0.16543300 -0.04383880
0.35692999 -0.14522301 -0.09512490
0.36212000 0.14318500 -0.09095150
0.35651600 -0.09699410 -0.43922001
0.35810101 0.09520500 -0.44202101
0.35681900 -0.12390100 -0.43924400
0.35824999 0.12436400 -0.44029501
0.35771599 -0.06565600 -0.49994299
0.35735899 0.06627640 -0.49879500
0.35565701 -0.17770600 -0.47706899
0.35631600 0.17895401 -0.47783399
0.35878199 -0.06504820 -0.48112699
0.35818699 0.06653750 -0.47901499
0.36804301 0.13496700 -0.51801002
0.37402999 -0.13753299 -0.51820397
0.35510799 0.00032056 0.34543899
0.35983801 0.18273599 -0.50696498
0.35779700 -0.18181799 -0.50615102
0.36221901 -0.15927400 -0.51790601
0.36579299 0.16304401 -0.51844198
0.36417001 -0.08943430 -0.45213401
0.36369100 0.08747510 -0.45395499
0.36593401 -0.08270660 -0.51203102
0.36253199 0.08572920 -0.51220602
0.36381000 -0.04175640 0.34098801
0.36381000 0.04239750 0.34098801
0.36803699 -0.13478400 -0.45264900
0.36495599 0.13648500 -0.45177600
0.36504400 -0.07863040 -0.46084201
0.36683100 0.07739840 -0.46423501
0.36630699 -0.14176200 0.15541101
0.36583200 0.14333600 0.15088101
0.36638400 -0.12708600 0.22520299
0.36638400 0.12772700 0.22520299
0.36592299 -0.17430100 -0.47168699
0.36592999 0.17474701 -0.47154301
0.36737999 0.17526001 -0.51732600
0.36601201 -0.17422900 -0.51720601
0.36475301 -0.18264601 -0.48755100
0.36824900 0.18371999 -0.48709100
0.36891699 0.11227300 -0.51938897
0.36893901 -0.11171600 -0.51938403
0.37233800 0.00286318 -0.10747800
0.36710301 -0.12080100 -0.44868001
0.36740601 0.12111000 -0.44897899
-0.81185699 -0.02571630 0.21721900
0.37402901 -0.09363400 -0.51354498
0.37064800 -0.09115920 0.30124500
0.37064800 0.09180030 0.30124500
0.36987400 -0.18319599 -0.50107503
0.37197599 0.18365400 -0.50255102
0.38114700 -0.11361100 -0.45268101
0.37640700 0.11616400 -0.45092601
0.37361601 -0.10269800 -0.45190001
0.37209299 0.10213100 -0.45164600
0.37411699 0.18036200 -0.51248801
0.37277901 -0.17967100 -0.51293403
0.37752900 -0.18147200 -0.48672301
0.37987700 0.18051900 -0.48695901
0.37751299 -0.06757750 -0.50295800
0.37785301 0.06830390 -0.50382799
0.37416700 0.15619101 -0.46227399
0.37296700 -0.15640900 -0.46249199
0.38005200 -0.07727900 -0.46746099
0.37825501 -0.16998599 -0.47240600
0.37563300 0.17094401 -0.47180900
0.37971801 -0.07258240 -0.50947100
0.37679601 0.07384750 -0.51038700
0.38623101 0.12987199 -0.45761701
0.38630199 -0.12723900 -0.45652699
0.38210899 -0.06763800 -0.48519999
0.38100201 0.06770180 -0.48738199
0.38117200 -0.07929500 -0.51512903
0.38117200 0.07993610 -0.51512903
0.37930200 -0.15737800 0.03431150
0.38125601 0.15730301 0.04084640
0.38320300 -0.10323500 -0.10271300
0.38320300 0.10387600 -0.10271300
0.38338000 -0.18100400 -0.50636601
0.38338000 0.18164501 -0.50636601
0.38184500 -0.14160299 -0.45728201
0.38167399 0.14404900 -0.45806599
0.38198999 -0.16591001 -0.51798999
0.38256100 0.16726901 -0.51781601
0.38615501 0.17358200 -0.51443201
0.38514501 -0.17299500 -0.51513398
0.37986699 0.15410200 -0.51772600
0.37770200 -0.15317100 -0.51767099
0.38586900 0.16821900 -0.47690800
0.38553801 -0.16604599 -0.47481999
0.38294899 -0.11566700 -0.51800698
0.38389400 0.11281900 -0.51736301
0.38841000 0.09951730 -0.51560402
0.38753700 -0.09771920 -0.51549602
0.38213399 0.14228900 -0.51824600
0.38839400 0.08877110 -0.51729298
0.38818401 -0.08857500 -0.51725799
0.39433700 0.00032056 0.35712999
0.39522600 0.11119400 -0.45750099
0.39296100 -0.10805900 -0.45717901
0.39440900 -0.07949230 -0.51338798
0.39233100 0.07967640 -0.51356202
0.39267400 -0.12971200 -0.51641601
0.39050800 0.12479200 -0.51659203
0.39153999 -0.11899700 -0.45595700
0.38965499 0.12097300 -0.45543101
0.39341500 -0.07942410 -0.47130299
0.39257801 0.07881970 -0.47151300
0.39199999 0.09829550 -0.46109501
0.38723201 -0.13135600 -0.06625710
0.38867500 0.13198400 -0.06323710
0.39601600 0.15919000 -0.51657999
0.39348099 -0.15772100 -0.51687998
0.39371601 -0.14448699 0.11423000
0.39299601 0.14488401 0.11715300
0.39278001 -0.16820100 -0.51281202
0.39378801 0.16924401 -0.51141202
0.39388800 -0.17023601 -0.48765799
0.39388800 0.17087699 -0.48765799
0.39965400 -0.13820000 0.18392900
0.39415199 0.13860799 0.17899200
0.39182901 0.14113000 -0.46103501
0.39102101 -0.14739899 -0.00594315
0.39523101 0.14407200 -0.00990618
0.39578199 -0.05716130 -0.10141600
0.39578199 0.05780240 -0.10141600
0.39505100 -0.17310999 -0.50743699
0.39593101 0.17290600 -0.50617301
0.39663300 -0.12642001 -0.45875400
0.39663300 0.12706099 -0.45875400
0.40241301 -0.16622201 -0.49210200
0.40077701 0.16761500 -0.49218801
0.40087399 -0.05318950 0.34588000
0.39738601 0.05254390 0.34512001
0.39780599 -0.15764301 -0.46863100
0.39799300 0.15886800 -0.46975899
0.39625001 -0.07156110 -0.50101399
0.39543799 0.07209380 -0.50194001
0.40137199 0.16520800 -0.51063198
0.40025300 -0.16510101 -0.51049399
0.39977300 -0.13101800 0.25081500
0.40130699 0.13143100 0.25192100
0.39787701 -0.07292340 -0.48600599
0.39778700 0.07363420 -0.48440301
0.39895299 0.13170800 -0.46286601
0.39950299 -0.13196699 -0.46378899
0.40184101 -0.14722100 -0.52000302
0.39892599 0.14789900 -0.51993603
0.40190601 -0.07700910 -0.50773698
0.40252799 0.07895380 -0.50870299
0.39945799 0.10729600 -0.51628703
-0.81715602 0.02739120 0.21665500
0.40285000 -0.09568150 0.31309000
0.40217301 0.09638720 0.31275901
0.40072200 -0.09008310 -0.46958700
0.40219101 0.09047990 -0.47119099
0.40329599 0.09689680 -0.51529598
0.40611500 -0.09799150 -0.51456702
0.40287200 -0.13427299 -0.51745403
0.39813799 0.13435000 -0.51720601
0.40574601 0.08814970 -0.51290399
0.40564600 -0.08770810 -0.51312000
0.40569901 -0.07909040 -0.48420501
0.40703899 0.08141130 -0.48446199
0.40623200 -0.09980460 -0.47216699
0.40597901 0.10060400 -0.47173601
0.40753800 -0.14822200 -0.47164699
0.40629500 0.14567500 -0.46959901
0.40774700 -0.07759390 -0.50125700
0.40880501 0.07961730 -0.50060803
0.40849701 -0.16447400 -0.50569099
0.40881699 0.16490300 -0.50506198
0.41045001 -0.13306800 -0.47498399
0.41106200 0.13462999 -0.47578901
0.40955001 -0.15685900 -0.51662302
0.40955001 0.15750000 -0.51662302
0.40840399 -0.11652700 -0.51954597
0.41041300 0.11771200 -0.51961201
0.41193300 -0.10979500 -0.46740001
0.41409701 0.11105900 -0.46946600
0.41165301 -0.16100100 -0.48439300
0.41213000 0.16146199 -0.48483601
0.41205701 -0.10580800 -0.51399100
0.41267699 0.10497500 -0.51251501
0.41216001 -0.12255700 -0.46573699
0.41071400 0.12318300 -0.46504301
0.41295299 -0.14016300 -0.51563197
0.41203600 0.13944700 -0.51563299
0.41185999 -0.12933201 -0.51590598
0.41351801 0.12832500 -0.51594198
0.41416001 -0.14350300 0.06624430
0.41416001 0.14414400 0.06624430
0.41447699 -0.09323280 -0.06639640
0.41447699 0.09387390 -0.06639640
0.41372201 -0.09937590 -0.48278400
0.41777799 0.10276300 -0.48694599
0.41494900 -0.09096060 -0.48482499
0.41334099 0.08953860 -0.48471701
0.41491401 0.09672630 -0.48384601
0.41307399 -0.12308600 -0.02573850
0.41320199 0.12432300 -0.02360190
0.41640300 -0.09874260 -0.50743902
0.41699499 0.09880260 -0.50674301
0.41839701 -0.14663400 -0.51529002
0.41839701 0.14727500 -0.51529002
0.41836300 -0.15920800 -0.50658101
0.41848400 0.15963200 -0.50650501
0.41732001 -0.11061300 -0.51532698
0.41870001 0.11286900 -0.51586401
0.41889599 -0.13570800 -0.50968099
0.41939300 0.13773900 -0.50787699
0.41793999 -0.08845820 -0.50462300
0.41819501 0.09001300 -0.50508898
0.41999599 -0.13979100 -0.49145401
0.41985300 0.14044701 -0.49060401
0.41965300 -0.13141900 0.03616900
0.41965300 0.13206001 0.03616900
0.41979599 -0.09532750 -0.50115299
0.41943699 0.09606160 -0.49979699
0.41917500 -0.15052900 -0.48670900
0.42002699 0.15001500 -0.48760599
0.42120099 -0.13143700 -0.51016599
0.42033601 0.13272300 -0.51033902
0.42118701 -0.13130701 -0.48508701
0.41996801 0.13332500 -0.48511001
0.42170200 -0.10603800 -0.48541400
0.42156100 0.10728400 -0.48300400
0.42227501 -0.12332100 -0.51561898
0.42275199 0.12365100 -0.51562202
0.42316699 -0.14750101 -0.50683600
0.42316699 0.14814200 -0.50683600
0.42286301 -0.10566700 -0.50340998
0.42233601 0.10494300 -0.50351399
0.42233601 -0.12757599 -0.47992700
0.42266500 0.12847300 -0.48041600
0.42464799 -0.05620260 -0.07338750
0.42464799 0.05684370 -0.07338750
0.42473400 -0.11410400 -0.47894299
0.42545101 0.11497400 -0.47960299
0.42614800 0.00032056 -0.07176680
0.42695200 0.11527900 -0.51254702
0.42725500 -0.11451600 -0.51191199
0.42996699 -0.13616900 0.10577900
0.42996699 0.13681000 0.10577900
0.43102801 -0.11298600 -0.50398898
0.43097699 0.11497200 -0.50349897
0.43176401 0.12923300 -0.50405502
0.43158901 -0.12756000 -0.50350201
0.43191901 0.00032056 0.37388599
0.43242899 -0.13831601 0.16008000
0.43242899 0.13895699 0.16008000
0.43517801 -0.08810230 -0.03750150
0.43517801 0.08874340 -0.03750150
0.43732601 -0.04886750 0.37073499
0.43767601 0.05123180 0.37046999
0.44415599 -0.11325500 0.02307680
0.44415599 0.11389600 0.02307680
0.44426799 -0.14008699 0.22395401
0.44876900 0.14058900 0.22808300
0.44442999 -0.12800001 0.07559510
0.44522899 0.12868300 0.07767320
0.45175901 -0.04656060 -0.04573830
0.44789299 0.04973670 -0.05001230
0.44598201 -0.08900850 0.33624199
0.44410899 0.08987340 0.33528799
0.45280001 -0.12312600 0.28901401
0.45758301 0.12312000 0.29341301
0.45793700 -0.11545300 0.05351350
0.45793700 0.11609400 0.05351350
0.45972800 -0.08533600 -0.00618621
0.45972800 0.08597710 -0.00618621
0.46652600 0.00225544 -0.03603940
0.48124301 -0.08561370 0.02382060
0.48124301 0.08625480 0.02382060
0.48135501 -0.05087900 -0.00899089
0.48135501 0.05152010 -0.00899089
0.48354399 -0.00089703 0.40359801
0.48603201 -0.05257470 0.39608100
0.49011600 0.05220610 0.39783701
0.48993400 -0.09352110 0.36445299
0.49509999 0.09596670 0.36650601
0.49768299 -0.13688400 0.15642200
0.49769399 0.13744600 0.15612000
0.49807999 0.00158829 -0.00349229
0.49792999 -0.11985800 0.13169999
0.49758899 0.12062900 0.13193800
0.50808400 -0.11422800 0.10431000
0.51174903 0.11437700 0.10578500
0.51353103 -0.14727300 0.20044300
0.50845498 0.14808799 0.19775000
0.50681901 -0.13145600 0.31321099
0.50930399 0.13190199 0.31668699
0.51174498 -0.14709900 0.25282699
0.51457101 0.14768501 0.25388199
0.52113903 -0.04187110 0.02181240
0.51950401 0.04092830 0.01990330
0.52521902 0.00035964 0.41700801
0.52377301 0.00129005 0.01661260
0.53078997 -0.08901690 0.08327320
0.53078997 0.08965800 0.08327320
0.53742999 -0.04124850 0.41794300
0.53783298 0.04072920 0.41796800
0.54175597 -0.10216500 0.38435999
0.54064399 0.10301000 0.38364199
0.55434000 -0.00172723 0.04515110
0.56182200 -0.13821900 0.31909600
0.56248200 0.13803200 0.32198599
0.56211901 -0.05525730 0.06405330
0.55941898 0.05611510 0.06209270
0.56371897 -0.10077100 0.39702901
0.56371897 0.10141200 0.39702901
0.56216902 0.00149766 0.41956499
0.56750101 -0.14631000 0.26709399
0.56750101 0.14695100 0.26709399
0.56791699 -0.13257700 0.34078500
0.56791699 0.13321801 0.34078500
0.57085103 -0.12291100 0.15985300
0.56153202 0.12182900 0.15449300
0.56895298 -0.12293200 0.41745600
0.56981301 0.12433000 0.41808099
0.56890702 -0.14541399 0.21904001
0.56756300 0.14609499 0.21990800
0.56510198 0.13630299 0.17468899
0.57834798 -0.06823330 0.41858199
0.57836002 0.06732410 0.41856900
0.58064902 -0.03701510 0.41927001
0.57860100 0.03649840 0.41831201
0.58123797 -0.14961900 0.37784699
0.57983500 0.14976500 0.37780401
0.58242601 -0.10648100 0.13688201
0.58213902 0.10690600 0.13626900
0.58918399 -0.14108101 0.24665000
0.58899200 0.14175300 0.24715599
0.58941603 -0.07663140 0.42586899
0.58941603 0.07727250 0.42586899
0.59178698 -0.14060199 0.28460100
0.59315902 0.14106800 0.28053701
0.59003800 -0.14083900 0.21883699
0.58669698 0.14238200 0.21995200
0.59114403 -0.11418000 0.15772600
0.59199202 0.11317700 0.15576801
0.59242100 -0.08536790 0.11906700
0.59242100 0.08600910 0.11906700
0.59290999 -0.13430700 0.18295300
0.58923602 0.13542600 0.18287800
0.59536397 -0.14227401 0.32633600
0.59536397 0.14291599 0.32633600
0.59580201 0.00032056 0.09312670
0.59407198 -0.09559950 0.43826801
0.59650302 0.09597340 0.44049400
0.59724897 -0.04712080 0.10281100
0.59724897 0.04776190 0.10281100
0.60003501 -0.14177801 0.44073799
0.59875399 0.14015000 0.44007099
0.60206199 0.00032056 0.42007101
0.60411900 -0.08893840 0.13778000
0.60262400 0.09069580 0.13834500
0.60296899 -0.15598100 0.33484399
0.60296899 0.15662301 0.33484399
0.60243797 -0.07516890 0.12867901
0.60262299 0.07501490 0.12828200
0.60073000 -0.14188001 0.30847800
0.60290802 0.14352700 0.30915201
0.60856700 0.14247200 0.29406399
0.60895801 -0.14196700 0.29475600
0.60621202 -0.13817701 0.32657599
0.60621202 0.13881800 0.32657599
0.60867101 -0.13741900 0.21723600
0.60882097 0.13815600 0.21819501
0.60701901 -0.11987400 0.36623499
0.60728502 0.11951000 0.36621600
0.60798800 -0.04671060 0.11496400
0.60765898 0.04550990 0.11349600
0.60878402 -0.09539690 0.13858899
0.60878402 0.09603800 0.13858899
0.60881901 -0.11237900 0.15671000
0.60919499 0.11421800 0.15905200
0.60912597 -0.14471300 0.34701601
0.60955000 0.14635500 0.34682301
0.60960603 -0.16200900 0.42232499
0.60471100 0.16024500 0.41558799
0.60901397 -0.14344300 0.31054500
0.60891598 0.14388500 0.31009200
0.60879499 -0.14099699 0.24553600
0.60979497 0.14188300 0.24206600
0.61020398 -0.12190600 0.34016299
0.61020100 0.12244700 0.34036300
0.60989100 -0.11250900 0.45499799
0.60929197 0.11377500 0.45435700
0.61055100 -0.12875400 0.18547700
0.60829598 0.13028400 0.18626601
0.61106902 -0.05470630 0.43291801
0.61073101 0.05465830 0.43334299
0.61360902 -0.03454760 0.42218399
0.60995698 0.03588580 0.42302799
0.61305600 -0.15526800 0.33750400
0.61320698 0.15562400 0.33679399
0.61332202 -0.16652100 0.39140800
0.61332202 0.16716200 0.39140800
0.61310202 -0.13620099 0.30782199
0.61375898 0.13725200 0.30596700
0.61714703 -0.04256680 0.11708200
0.61925203 0.04140500 0.11814600
0.61985803 -0.13385600 0.26293600
0.61661702 0.13513200 0.26739001
0.61481798 -0.16173699 0.44395801
0.61438203 0.16240101 0.44214600
0.61429101 -0.07368370 0.12876201
0.61544400 0.06281990 0.12414500
0.61544198 -0.14034700 0.30114499
0.61544198 0.14098801 0.30114499
0.61600101 -0.14780501 0.31202999
0.61599600 0.14845800 0.31207100
0.61839402 -0.15867500 0.36505201
0.61734700 0.15840399 0.36196899
0.61600298 -0.13800900 0.36834899
0.61605501 0.13880600 0.36825699
0.61710501 -0.00093486 0.10177700
0.61598301 -0.06946260 0.42346099
0.62027800 0.06999880 0.42320099
0.62001801 -0.12192000 0.39374000
0.62191898 0.12683800 0.39782199
0.61749899 -0.14240301 0.45534101
0.61585099 0.14331301 0.45380899
0.62083501 -0.07255410 0.44069600
0.62268102 0.07364770 0.44101501
0.62036902 -0.15926300 0.38154101
0.61864400 0.16035201 0.38158599
0.62197399 -0.08990140 0.14823200
0.61919397 0.09064450 0.14688700
0.62492198 -0.05646330 0.13295799
0.62371802 -0.09883540 0.39025599
0.62299901 0.09964890 0.38978601
0.62276000 -0.14430800 0.34209499
0.62316698 0.14501899 0.34347999
0.62349898 -0.10561500 0.35986400
0.62158000 0.10809300 0.35901201
0.62453800 0.00032056 0.10897600
0.62480599 0.15213300 0.37230501
0.62455797 -0.15039399 0.36789599
0.62487102 -0.12111800 0.18496700
0.62487102 0.12175900 0.18496700
0.63085300 -0.12530699 0.20676200
0.62599897 0.12739199 0.20637400
0.62529999 -0.16668500 0.42202100
0.62557602 0.16777401 0.42463699
0.62388700 -0.11837600 0.46308300
0.62426502 0.11855000 0.46338201
0.62518698 -0.12882701 0.31574699
0.62547201 0.12986401 0.31470999
0.62459898 0.13624001 0.29030901
0.62414199 -0.15719600 0.45482701
0.62422299 0.15828800 0.45470300
0.62569797 -0.10472600 0.16013101
0.62609398 0.10540800 0.16055501
0.62907100 -0.03610950 0.12466300
0.62685198 -0.15921500 0.38373700
0.62849599 0.16074100 0.39005199
0.62778699 -0.14100599 0.47604099
0.62778699 0.14164700 0.47604099
0.62880599 -0.14532800 0.46765399
0.62839597 0.14003401 0.46916300
0.62969202 -0.16485800 0.44240400
0.62931198 0.16544500 0.44270700
0.62884301 -0.12517001 0.47038701
0.62935901 0.12434700 0.47045499
0.62825400 -0.08560690 0.45141199
0.63037598 0.08705060 0.45203900
0.63120902 -0.15396599 0.40988499
0.63032299 0.15234800 0.40863299
0.63177103 -0.13268200 0.33272699
0.63119400 0.13501500 0.32923999
0.63739198 -0.12945500 0.27237400
0.63918799 0.12949701 0.26858300
0.63372803 -0.15177999 0.46904701
0.63247901 0.15453500 0.46639299
0.63358599 -0.11257800 0.47127700
0.63514698 0.11213500 0.47123101
0.63267899 -0.10557800 0.41411999
0.63444602 0.10684800 0.41802001
0.63735300 -0.12454500 0.47638801
0.63722998 0.12511200 0.47635001
0.63170999 -0.10062300 0.46150500
0.63446802 0.10056500 0.46270800
0.63460797 -0.09814950 0.36229900
0.63460797 0.09879060 0.36229900
0.63468897 -0.16715200 0.42668200
0.63509500 0.16712400 0.43106601
0.63639301 0.00171748 0.12297700
0.63695103 0.09307620 0.16236800
0.63704997 -0.09225560 0.16231200
0.63472903 -0.13414600 0.42231500
0.63472402 0.13503499 0.42224100
0.63871998 -0.04811120 0.13808300
0.63648403 0.05436050 0.14009000
0.63822198 -0.03029950 0.41065001
0.63636500 0.02944210 0.41141999
0.63644397 -0.11160800 0.34920400
0.63610798 0.11090300 0.35057500
0.63662302 -0.11438600 0.36208600
0.63655400 0.11635900 0.35937101
0.63704997 -0.16326199 0.45216000
0.63704997 0.16390300 0.45216000
0.63914198 -0.12868799 0.29900199
0.64152497 0.12842600 0.29764700
0.63822001 -0.16041100 0.42168599
0.63920599 0.16076601 0.42438599
0.63989598 -0.14167000 0.47990999
0.64018202 0.14376500 0.47957101
0.64212698 -0.08999580 0.39441001
0.64059699 0.09179690 0.39231300
0.64130700 -0.04762920 0.42308399
0.64091599 0.04776140 0.42353100
0.64150298 -0.10884600 0.17835701
0.64150298 0.10948700 0.17835701
0.64185399 0.15586200 0.43615001
0.64185399 -0.15522100 0.43615001
0.64221299 -0.12059700 0.44253001
0.64040601 0.11961800 0.43791199
0.64213198 0.15711300 0.44722900
0.64220500 -0.15645200 0.44980001
0.64382100 -0.02703220 0.13083000
0.64309198 0.02849890 0.13082901
0.64298499 -0.15305901 0.46408701
0.64262700 0.15459099 0.46252501
0.64367002 -0.11067200 0.47460601
0.64369398 0.11117000 0.47450599
0.64424402 -0.00341983 0.40660399
0.64484501 -0.11658000 0.19807801
0.64412099 0.11936500 0.20080200
0.64644903 -0.01719190 0.14954600
0.64561701 0.01518330 0.14832200
0.64754099 -0.09523460 0.46314800
0.64702398 0.09813340 0.46493399
0.64521998 -0.12262000 0.32304299
0.64641899 0.12291900 0.32054201
0.64891303 -0.10720000 0.35384300
0.65115899 0.10494100 0.35667601
0.64758301 -0.03849440 0.15229601
0.64718801 0.03874080 0.15280500
0.64839900 -0.09617140 0.42173100
0.64841002 0.09682130 0.42175499
0.64744699 -0.10554300 0.44347799
0.64744699 0.10632000 0.44521999
0.64744699 -0.10696000 0.46163499
0.64744699 0.10760100 0.46163499
0.64747298 -0.06681090 0.41528401
0.64747298 0.06745200 0.41528401
0.64777100 -0.14058800 0.45047301
0.64722198 0.14389899 0.44755000
0.64742702 -0.12644100 0.47856799
0.64772397 0.12642100 0.47850499
0.64809602 -0.11702200 0.46908000
0.64809602 0.11766300 0.46908000
0.64992702 -0.00018677 0.12990600
0.64782101 -0.11407200 0.47240400
0.64857900 0.11503600 0.47184601
0.64890200 -0.12468700 0.45887899
0.64822203 0.12294800 0.45555899
0.64898401 -0.13936600 0.46617600
0.64906001 0.14210300 0.46602401
0.64952397 -0.06562640 0.43389499
0.64908701 0.06637290 0.43399799
0.64963901 0.00032056 0.14167900
0.65269500 -0.12263600 0.23236300
0.65188903 0.12347600 0.23031400
0.65211803 -0.08520140 0.45398501
0.65206200 0.08542270 0.45355400
0.65497297 -0.05398130 0.14836100
0.65497297 0.05462240 0.14836100
0.65371698 -0.05568320 0.15601900
0.65371698 0.05632430 0.15601900
0.65380198 -0.08262870 0.40285301
0.65417999 0.08251530 0.40185899
0.65477198 -0.03136880 0.13610099
0.65465403 0.03017380 0.13724600
-0.81347501 0.00032056 0.06321520
0.65561098 -0.07408760 0.15935500
0.65405703 0.07372330 0.15853900
0.65710598 -0.10425700 0.46394899
0.65766102 0.10411300 0.46363401
0.65850002 -0.10386900 0.44437200
0.65849900 0.10450900 0.44439301
0.65615898 -0.09482960 0.17702299
0.66056001 0.09257310 0.17716201
0.65865600 -0.08384660 0.43086699
0.65876901 0.08423240 0.43033701
0.65782899 -0.02281290 0.13121900
0.66127998 0.02190030 0.13069600
0.66170800 -0.08991950 0.36801201
0.66318202 0.08948070 0.36781201
0.66144401 0.00307000 0.13378100
0.66121697 -0.04188150 0.14174700
0.66040802 0.04246440 0.14246000
0.66369301 -0.04981710 0.39950800
0.66321599 0.05121070 0.39935201
0.66034800 -0.12336200 0.27807400
0.66073197 0.12406300 0.28327799
0.66297400 -0.07209740 0.39090601
0.66320199 0.07202250 0.39163801
0.66312599 -0.10565300 0.20103499
0.66285700 0.10587500 0.19974200
0.67211199 -0.02636600 0.39103100
0.66493797 0.02480140 0.39567900
0.66911501 0.00032056 0.12605201
0.66891998 -0.06320310 0.15979700
0.66814703 0.06390720 0.15963200
0.66993499 0.00120164 0.39357299
0.67707002 -0.10759100 0.22318301
0.67336100 0.11027100 0.22463199
0.67367202 -0.11805000 0.30767301
0.67367202 0.11869100 0.30767301
0.67714500 -0.11417800 0.26367801
0.67985302 0.11355000 0.26357600
0.67896098 -0.07608680 0.16469000
0.68067402 0.07316680 0.16083200
0.68383801 -0.01724120 0.12241700
0.68329400 0.01998260 0.12300300
0.67794198 -0.10609700 0.33096001
0.67618400 0.10861000 0.32822001
0.68198800 0.08593940 0.18114600
0.67243999 -0.06599350 0.15263800
0.68557203 0.09226840 0.34461200
0.68671203 -0.09371630 0.19797900
0.69356602 0.08960570 0.19531401
0.68565899 -0.07134410 0.36523500
0.69002301 0.07420400 0.35979801
0.68958902 -0.11168400 0.29047599
0.69113302 0.11172300 0.28902301
0.69233698 0.00032056 0.14277400
0.69575697 0.00035308 0.37389800
0.69629300 -0.09815580 0.22367100
0.69454598 0.09931120 0.21961699
0.69474798 -0.04336380 0.15477701
0.69358301 0.04569400 0.15522400
0.69209099 -0.06101540 0.16473600
0.68983901 0.06213850 0.16427200
0.69406199 -0.05055010 0.37354901
0.69079697 0.05026420 0.37624100
0.69689900 -0.10158400 0.31909400
0.69829702 0.10173500 0.31652400
0.69765902 -0.07181960 0.16555101
0.70099902 0.07074010 0.16429800
0.70150697 -0.05623090 0.14821900
0.70437700 0.05771250 0.14920400
0.70493698 -0.02480940 0.36927599
0.70601499 0.02625000 0.36813900
0.70613998 -0.08760220 0.33206499
0.70253801 0.09765280 0.25154901
0.69739002 -0.10144200 0.25460601
0.70276701 -0.10037200 0.29030299
0.70346802 0.10024600 0.28355300
0.70181602 -0.02060460 0.11515300
0.70885700 0.01423040 0.10936100
0.69833302 -0.00030216 0.11302400
0.71352702 -0.07120660 0.17610200
0.71371198 0.07152970 0.17545100
0.70849103 -0.05872960 0.15874100
0.71041602 0.05818020 0.15793200
0.71475101 -0.08802100 0.27032501
0.71723801 0.08594140 0.26916000
0.71069199 -0.09571500 0.30893099
0.71113300 0.09675110 0.30752799
0.71456498 -0.08921560 0.29020500
0.71392298 0.09053580 0.28997099
0.71437103 -0.06749790 0.34441799
0.71512401 0.06715170 0.34437799
0.71314597 -0.08814550 0.22695599
0.71170598 0.08912680 0.22227800
0.71251601 -0.08121710 0.19985101
0.71240997 0.08198200 0.20005800
0.71658403 0.03473570 0.11921300
0.71332997 -0.08754670 0.24862000
0.72029197 -0.08813870 0.30174699
0.72029698 0.08809250 0.30001000
0.72120100 -0.08291900 0.32344601
0.72137201 0.08315190 0.32370999
0.72452497 -0.05879460 0.15375100
0.72386599 0.06015320 0.15579700
0.71195197 -0.01688030 0.12173800
0.72410899 0.02293950 0.11852800
0.72459298 -0.03994890 0.16169900
0.72347897 0.03934750 0.16129600
0.72488701 -0.05162630 0.34518799
0.72538900 0.04929960 0.34568799
0.72337401 0.00032056 0.15200800
0.73154598 0.07133210 0.29440701
0.73218399 -0.07035230 0.29597199
0.72154403 -0.07835100 0.25592101
0.72289801 0.07812030 0.25051600
0.72565901 0.07280910 0.27715501
0.72579598 -0.07028720 0.27452999
0.72479802 -0.00245601 0.34778601
0.72639000 0.00115107 0.11620000
0.72606200 -0.07686460 0.23168001
0.72467899 0.07843120 0.23527600
0.73464400 0.05323710 0.16626900
0.72596902 -0.08285400 0.31113201
0.72674602 0.08282920 0.31105301
0.72086400 0.00040303 0.09887660
0.72886902 -0.02709950 0.34684601
0.73056102 0.02590620 0.34500700
0.72170001 -0.03369870 0.11016100
0.72453600 0.03523090 0.10944200
0.73578000 -0.06865180 0.18832600
0.72999698 0.06974020 0.18682000
0.73019600 -0.05222060 0.13996901
0.72525001 0.05467740 0.14283501
0.72811902 -0.01393630 0.09758550
0.73599601 0.01608210 0.09172470
0.72955197 -0.06697640 0.25699401
0.73207903 -0.07532360 0.20908800
0.73029500 0.07699560 0.20987999
0.73496598 0.05128710 0.27300000
0.73500597 -0.05168280 0.27470100
0.73591000 -0.06174620 0.32898101
0.73591000 0.06238730 0.32898101
0.73754001 -0.05296700 0.25921801
0.73404700 -0.06833150 0.23706099
0.73689097 0.06680930 0.23402800
0.73721498 -0.06012090 0.24623600
0.73698902 0.06161430 0.24493200
0.73930103 0.06430630 0.31320500
0.73851198 -0.06487980 0.31293401
0.74177003 0.05048110 0.14060000
0.74495202 0.04044520 0.27337700
0.74316502 -0.04104320 0.27345899
0.74380797 -0.03310480 0.11101700
0.74165797 0.03287120 0.11192700
0.74176300 -0.03697800 0.33114201
0.74415499 0.03537510 0.32763600
0.74282700 -0.04187990 0.13858899
0.74322200 0.04229610 0.13813400
0.74368399 -0.04220810 0.25890499
0.74368399 0.04284920 0.25890499
0.74751598 -0.04395490 0.13258500
0.74550098 0.04514870 0.13343200
0.74563801 0.04818240 0.13149400
0.74348003 -0.06841240 0.21836101
0.75070399 0.06639820 0.21489300
0.74604797 -0.05221250 0.15580601
0.74970901 0.05231540 0.15478700
0.74530500 0.00126463 0.15221100
0.74385297 -0.01967070 0.32639199
0.74457598 0.01625930 0.32462001
0.74706298 -0.04602280 0.31797099
0.74730098 0.04609770 0.31748399
0.74658602 0.00141550 0.10603200
0.74745202 -0.00314492 0.31698799
0.75400198 -0.02110690 0.10152300
0.74943000 -0.05774360 0.23282400
0.74802798 0.06092530 0.23106401
0.75121301 0.03727370 0.29193500
0.75246602 -0.03556430 0.29327199
0.75396699 -0.05737300 0.16911601
0.74925703 0.06024260 0.17316400
0.75438398 -0.02531110 0.30394799
0.75312400 0.02966180 0.30621901
0.75224501 -0.01620950 0.07776410
0.75319302 0.01759950 0.07714700
0.76053399 0.04195950 0.10618200
0.75780702 -0.04123060 0.10606300
0.76558399 -0.04746110 0.23462600
0.75650901 -0.00094598 0.07192800
0.75676501 -0.02643780 0.08081290
0.75615603 0.02969550 0.08248780
0.76135498 -0.03921350 0.24860100
0.76097798 0.03998430 0.24864000
0.75709701 -0.01015160 0.30012700
0.75928497 0.01221990 0.29646599
0.75494099 -0.03383180 0.08948650
0.75976998 0.03682830 0.09043990
0.75622803 -0.03540810 0.26251900
0.75518203 0.03657560 0.26316699
0.75777799 -0.03101910 0.27376899
0.75632399 0.03278010 0.27486300
0.75945699 -0.02256800 0.28925300
0.75898302 0.02570630 0.28885999
0.74697202 -0.03921560 0.10185900
0.75861800 -0.06693450 0.19509400
0.76515102 0.06587470 0.19210200
0.76503003 -0.04515920 0.16212299
0.76182503 0.04662620 0.16288500
0.76560301 -0.03024210 0.15564100
0.76559198 0.03044990 0.15543400
0.76566499 -0.05922050 0.21502800
0.76694202 0.05947100 0.21499699
0.76522899 -0.03296050 0.16275001
0.76455897 0.03398200 0.16282800
0.76081598 -0.02864520 0.09986220
0.76980299 0.03330130 0.09520790
0.76593500 -0.02145910 0.27756301
0.76587498 0.02161800 0.27901301
0.76908702 -0.00866077 0.28148100
0.76862699 0.00952138 0.28190300
0.76596701 -0.04814200 0.14793400
0.76720202 0.04890070 0.14820100
0.76933002 -0.01520860 0.07214830
0.76786101 0.01294190 0.07182860
0.77267098 -0.02225210 0.08994660
0.77009797 0.02128200 0.09094820
0.77028698 -0.00163012 0.15707000
0.77137202 -0.03803570 0.12928499
0.77137202 0.03867680 0.12928499
0.76726103 0.00050813 0.09157340
0.77540803 0.00032056 0.06830660
0.77590001 -0.04023680 0.14351700
0.77527303 0.04122840 0.14478900
0.77454603 -0.02274740 0.26565301
0.77587301 0.02258130 0.26539499
0.77421403 -0.04264070 0.15816300
0.77795100 0.04250000 0.15667599
0.77796900 -0.03407110 0.08118650
0.77846003 0.03420880 0.07973830
0.78532797 -0.05811250 0.20461400
0.78421599 0.06015820 0.20214701
0.78429699 -0.03607080 0.24025400
0.78109503 -0.03836180 0.13150001
0.78167498 -0.02802820 0.07131740
0.78116900 0.02868960 0.07153910
0.78243798 0.00159755 0.26932999
0.78370398 -0.03280960 0.08460420
0.78370398 0.03345070 0.08460420
0.78942198 -0.01179140 0.26210701
0.79060900 0.01349720 0.26093799
0.78334600 0.03780950 0.09064110
0.78496403 -0.03687180 0.08953490
0.78620601 -0.02578990 0.07949240
0.78564501 0.02753290 0.07983220
0.78697997 0.05027220 0.21873701
0.78662097 -0.03504720 0.08322750
0.78629202 0.03562880 0.08308710
0.78598797 0.03907670 0.23625100
0.78934002 -0.02048950 0.08244860
0.78934002 0.02113060 0.08244860
0.78996003 -0.01772410 0.15507001
0.78996003 0.01836520 0.15507001
0.03799940 -0.00023116 0.26598501
0.79012603 -0.01466580 0.07410980
0.78921801 0.01822510 0.07392050
0.79106998 -0.04025340 0.15712300
0.79262298 0.04024210 0.15624900
0.78347898 -0.05528910 0.16560200
0.78511798 0.05591680 0.16576099
0.80386800 -0.02523290 0.24311499
0.80053699 0.02719520 0.24331500
0.79362398 0.00032056 0.08236830
0.79479200 -0.03004780 0.08834020
0.79334402 0.03334390 0.08902430
0.79495698 0.00032056 0.07335700
0.79797298 -0.05972070 0.18429101
0.79693598 0.06070300 0.18504900
0.79739702 -0.04446730 0.14385200
0.79792202 0.04368650 0.14219400
0.79997998 -0.02314160 0.14799200
0.79855800 0.02677810 0.14911300
0.79870701 0.00152572 0.07942060
0.79818398 -0.02890780 0.08506200
0.79976398 0.02870990 0.08531270
0.80042398 -0.02053990 0.08884590
0.80045801 0.01803170 0.08834400
0.80063802 0.00137997 0.08569050
0.80403697 0.03310580 0.13141499
0.80561501 -0.03367940 0.13390300
0.80760503 -0.00022943 0.25231299
0.80098200 -0.01776900 0.08264070
0.80198801 0.01859620 0.08343460
0.80376899 -0.03811020 0.14473400
0.80376899 0.03875130 0.14473400
0.80100298 0.00151679 0.14849800
0.82421303 -0.01649930 0.23872100
0.82746702 0.01632650 0.23770601
0.80386102 0.00656001 0.08221490
0.80917799 0.04378350 0.21829000
0.80962402 -0.04048310 0.22164200
0.80723298 0.05387450 0.20166799
0.81281602 -0.05165860 0.20123900
0.81200498 0.02969560 0.13413300
0.81046498 -0.02661690 0.13188399
0.81181997 -0.01640370 0.14099200
0.81281900 0.01582120 0.14061400
0.81344700 0.05526810 0.17297401
0.81344700 -0.05462700 0.17297401
0.81331903 -0.03011300 0.14432999
0.81232399 0.03114860 0.14488199
0.81298202 0.00129266 0.14430000
0.81944400 -0.05269570 0.18487599
0.82137501 0.05240020 0.18540500
0.82489401 -0.04838620 0.16937099
0.82489401 0.04902730 0.16937099
0.82329798 0.00152023 0.13227201
0.82457399 -0.00108551 0.13682400
0.82807302 -0.01233050 0.13967501
0.82425702 0.03147890 0.22591600
0.83355999 -0.02762390 0.22448701
0.83538800 0.03829710 0.20987700
0.83136100 -0.04116820 0.20725100
0.83279097 0.04539880 0.19548801
0.82879102 -0.04755990 0.19348300
0.84309900 0.00032056 0.23288700
0.83497602 -0.04414190 0.17964700
0.83473003 0.04552090 0.18146500
0.83589602 -0.03544330 0.17702299
0.83589602 0.03608440 0.17702299
0.83682799 0.02949650 0.15592000
0.83878797 -0.02894170 0.15782100
0.83412701 -0.03909350 0.16450700
0.83946502 0.03725290 0.16667600
0.84331900 0.03091360 0.17516200
0.84023499 -0.03042340 0.17081700
0.84186798 0.02778580 0.16853400
0.84037900 0.03480170 0.17141899
0.84162301 -0.03483100 0.17009100
0.84541702 0.02126520 0.16534200
0.84561700 -0.02116450 0.16625400
0.84376401 -0.03626110 0.17814501
0.84654701 0.03355580 0.17703100
0.84583700 -0.01636430 0.15835400
0.84548497 0.01532950 0.15783200
0.84733099 -0.02390990 0.16507500
0.84641498 0.02594810 0.16519500
-0.82816702 -0.07036240 0.15217300
0.85383302 -0.01248280 0.16807599
0.85408801 0.01322840 0.16856501
0.85055900 -0.02778190 0.21537700
0.85211998 0.02821810 0.21478900
0.85582900 -0.03067640 0.19304000
0.85582900 0.03131750 0.19304000
0.85183603 -0.03251300 0.20250399
0.85205400 0.03314980 0.20225900
0.85470498 -0.02309030 0.17649999
0.85305798 0.02493590 0.17597800
0.85818201 -0.01371730 0.22227500
0.85867703 0.01660560 0.22080600
0.86164200 0.00016880 0.17332099
0.86379403 -0.02500970 0.20623700
0.86532700 0.02404010 0.20543399
0.86313599 -0.01353090 0.18069500
0.86413097 0.01600930 0.18365400
0.86785001 -0.00002477 0.21918100
0.86528999 -0.02196350 0.19769700
0.86652499 0.02140400 0.19673900
0.87075400 -0.00050367 0.18705100
0.87188900 -0.01153840 0.19471499
0.87280601 0.01086540 0.19510700
0.87293500 -0.01532070 0.20802601
0.87324500 0.01675890 0.20737299
0.87824798 -0.00000721 0.20286800
-0.82925397 0.07115040 0.15166999
-0.81311101 -0.05189220 0.20335500
-0.81377798 0.05253490 0.20335200
-0.75393403 0.05047020 0.08704960
-0.82170999 0.06228390 0.17817400
-0.82075697 -0.06147680 0.17860100
0.02084090 0.14432999 0.13740100
0.33564800 0.15124901 0.12919401
0.33714601 -0.15019600 0.13034900
-0.31809101 -0.18514900 -0.09444380
0.02644710 -0.14341199 0.13768300
-0.31708500 0.18588500 -0.08830530
-0.10263500 0.14487900 0.09577400
-0.10263500 -0.14423800 0.09577400
-0.86486202 -0.04866600 0.09171970
0.31028500 0.15309000 0.13292301
0.31028500 -0.15244900 0.13292301
-1.01493001 0.02913340 0.14568700
-0.29733300 -0.18570299 -0.06792380
-0.84560400 -0.05980470 0.12068600
-0.29539499 0.18612599 -0.06267500
-0.31678101 -0.09912340 -0.51368499
-0.31678101 0.09976450 -0.51368499
0.03135800 -0.13004300 0.16939899
-0.10902500 0.14926000 0.06452070
-0.72951198 0.06161340 0.11891100
0.57779300 -0.13642700 0.31404901
0.57233500 0.13491800 0.32446101
0.62707001 -0.13351899 0.23603900
0.62779498 0.13366200 0.23700500
0.61718500 -0.15100600 0.36376399
0.61642098 0.15105100 0.36217701
0.62450999 0.14634199 0.39230600
-0.10541100 -0.14922699 0.06351210
0.65773898 -0.03184830 0.13557500
-0.36039901 -0.05730500 -0.18820600
0.65773898 0.03248940 0.13557500
0.66878003 -0.05060900 0.14364500
0.66939503 0.05179030 0.14398099
-0.84116501 -0.02511500 0.07879140
-0.85440701 0.06040490 0.12132300
0.67062902 -0.01214000 0.13176700
0.03200700 0.12870300 0.17308000
0.67419702 -0.02781500 0.13041900
0.67876101 0.03041380 0.12986401
-0.69764698 0.04967770 0.19692799
-0.72219700 0.06256690 0.16912100
-0.23902901 -0.06577310 -0.11634600
0.68931597 -0.05971180 0.14930700
0.68346697 -0.05071230 0.14002401
0.68827301 0.06098860 0.14984199
0.68688297 0.04954960 0.13805300
-0.30798301 -0.18266000 -0.01009280
-0.71240598 0.00032056 0.06014950
-0.75487602 -0.04995730 0.08732310
-0.71850699 -0.06029430 0.17284800
-0.36111200 0.05796020 -0.18844301
-0.86791003 0.04888300 0.09159720
0.70725501 0.03283710 0.12193500
-0.72981697 -0.06229680 0.12300400
-1.00469995 0.03547260 0.16384301
0.71416199 -0.05526540 0.14176600
0.71416199 0.05590650 0.14176600
-0.29882500 -0.07003780 -0.19397999
0.29467401 0.14194500 0.17784800
-0.30737200 0.18210700 -0.00030556
0.61077499 -0.15997700 0.37862399
0.52587903 -0.06959320 0.04718590
-0.37093800 -0.02172540 -0.07854310
0.05396520 0.00230195 -0.16094001
0.74175000 -0.04874850 0.15653799
-0.23413201 -0.17728201 -0.06313610
0.73394001 0.04991940 0.15337899
0.00709801 -0.15783200 0.08405020
0.74641401 0.05106320 0.24563900
0.74718702 -0.04930260 0.24654000
0.07966780 0.10896300 -0.11755700
0.07942170 -0.10626500 -0.11944200
-0.32133600 0.18159799 -0.12934200
0.75714302 -0.04385640 0.14441000
0.76053202 0.04390570 0.14387199
0.78736299 -0.04042480 0.13674399
0.78736401 0.03971810 0.13555700
-0.44455099 0.13933501 -0.06331300
0.78665698 -0.02667670 0.15123200
0.79738998 -0.03405890 0.13129100
0.82032400 -0.02204140 0.13635699
0.82082897 0.02251360 0.13676400
-1.02621996 -0.02790590 0.16165499
-0.99075800 0.04286540 0.13566101
-0.43537301 0.07417460 -0.45888299
-0.41217801 -0.06797310 -0.16758400
-0.41185501 0.06667490 -0.15843999
-0.40950599 -0.14538300 -0.32355300
-0.84861201 0.02545260 0.07887100
-0.32633999 -0.17822900 -0.16834800
0.26453200 -0.14297301 -0.39232501
0.26708201 0.14341700 -0.40648001
0.31638899 -0.13956100 0.18468900
0.31638899 0.14020200 0.18468900
0.05489660 0.11136000 0.19711800
0.05612800 -0.11099500 0.19668899
0.39901999 -0.12357300 -0.46072701
0.39826199 0.12397100 -0.46023199
0.27667999 0.13663800 0.19131200
0.32047600 0.10233300 0.26501599
0.56841302 -0.12722699 0.38390401
0.58753800 -0.13834301 0.31652999
0.59015697 0.13950799 0.31926101
0.52033103 0.07118490 0.04295670
0.60731697 -0.12956800 0.34829801
0.59653503 -0.12039100 0.44188300
0.59486300 0.12144600 0.44035301
0.72907299 -0.06159280 0.16846400
0.61179399 -0.13928300 0.34378099
0.61074901 0.13843000 0.34654799
0.63166398 -0.12248500 0.33970800
-0.00130606 0.15792000 0.08461880
0.63001901 -0.05881080 0.42441800
0.62799698 0.05800600 0.42562601
0.62294900 -0.13750200 0.31481701
0.62273598 0.13822401 0.31442899
0.62571800 -0.16249700 0.43915299
0.62055302 -0.15462500 0.37058401
0.62105697 0.15568100 0.37162700
0.35301101 -0.03738780 -0.12185300
0.62995899 -0.15421800 0.39349499
0.63255501 0.15663800 0.39999101
0.63760400 -0.10439000 0.36339799
-0.99197900 -0.04426510 0.14239900
0.21616700 -0.16307300 -0.14940600
0.21972799 0.16169401 -0.16824301
0.62412202 -0.14825600 0.35860100
0.68958098 -0.03230100 0.12665901
0.69611102 0.03597820 0.12440400
-0.23288000 0.17737000 -0.06262530
0.65374202 0.01171910 0.13056000
0.71587098 0.03947730 0.11839100
-0.27411401 -0.15098000 -0.20783700
-0.45119500 0.00032056 0.02838850
0.74782199 -0.04757220 0.13791800
0.75191301 0.04781300 0.13940801
0.54511201 0.11088700 0.12029000
0.79608899 0.03535320 0.13301300
0.82176000 -0.03860310 0.15223999
0.82130498 0.04008630 0.15305699
0.54368597 -0.14090700 0.28442401
0.81983298 -0.01599180 0.14021900
0.82261801 -0.01006070 0.13496301
0.81941098 0.01747940 0.14041300
0.72723299 0.07047250 0.26351300
0.60822701 -0.15343399 0.36583999
0.60549802 0.15447301 0.36881700
0.65353400 -0.02194330 0.14367700
0.24843000 0.16519700 -0.22056000
0.65348601 0.02338900 0.14344400
-0.29882500 0.07067900 -0.19397999
-0.46825701 0.03599070 0.02862860
-0.46883500 -0.03151390 0.03364260
0.56947601 -0.06386230 0.09309090
-0.31787199 -0.18048200 -0.13404700
0.70486897 -0.03814370 0.12315600
0.31630701 -0.10409500 0.26176500
0.70684397 0.03895380 0.12237700
0.72226697 -0.05240450 0.15515400
-0.55927199 0.00179656 0.07608880
0.54286999 0.14064600 0.28783399
-0.27281699 0.15181100 -0.20654599
0.71934402 -0.04460710 0.12311000
0.72162402 0.04508810 0.12234300
0.72302502 0.05224580 0.15205000
0.72997397 -0.04799620 0.14614201
-0.41933799 -0.04499570 -0.08994680
-0.41881701 0.04606170 -0.09281250
0.74567199 0.04677360 0.14728500
0.75316602 -0.04690040 0.16399100
-0.57462400 0.05273310 0.09308020
0.81788403 -0.00689664 0.13948999
0.81840003 0.00682776 0.13933399
0.71763200 -0.05570860 0.15121800
0.73656201 -0.04054330 0.10916900
0.21424299 0.04028560 -0.14434201
0.73850399 0.04017450 0.10677300
0.29702100 -0.15572900 -0.28572801
-0.43949699 -0.06387270 -0.08613560
0.21499699 -0.03888150 -0.14462000
-0.32420099 -0.08809600 -0.50401998
0.27016899 0.16334499 -0.26522100
0.21862601 -0.08438350 -0.22082400
-0.55632699 0.02504170 0.08129910
-0.55932403 -0.02503350 0.08124520
0.33949900 -0.09823990 0.27059501
-0.33204299 0.08768120 -0.49354500
0.35400799 -0.10983200 0.26312301
0.53675503 0.11423700 0.13443100
0.15074401 0.03558460 -0.15308399
0.14897700 -0.03435280 -0.15349400
0.19625901 0.11717400 -0.21782801
0.29706001 0.15557100 -0.29140899
0.53608400 -0.11508600 0.13668001
0.21507201 0.13916300 -0.26401001
0.70230502 0.00527360 0.12313200
-0.56449902 -0.05092480 0.09375560
0.72377700 0.02197010 0.15716000
0.19663100 -0.11497100 -0.21696299
0.74044001 0.00046462 0.08401240
0.36851600 -0.10912200 0.26322401
0.22203800 -0.12434100 -0.33308300
-0.42299899 -0.03807020 -0.05891390
0.62950701 0.01654960 0.11982100
-0.33175901 -0.08680620 -0.49417099
0.20314600 -0.10464800 -0.22323400
0.20133300 0.10712500 -0.22148000
-0.55637199 0.05588110 0.11339900
-0.55577397 -0.05508040 0.11282800
-0.31760499 -0.09447470 -0.51408798
0.22222000 0.08563790 -0.23425500
-0.33387801 0.14158300 -0.26919800
0.69612002 -0.06388310 0.15576200
-0.32974800 0.07798920 -0.51489198
0.52868199 -0.11981500 0.34638000
0.52149498 0.11755400 0.34790799
-0.32478401 0.08871920 -0.50275600
0.20262100 0.14503901 -0.20263200
-0.33365801 -0.14091501 -0.26897401
0.22548200 -0.15244900 -0.23195501
0.18844700 0.03949950 -0.14377300
-0.55678302 -0.05048430 0.14876699
-0.39406300 0.03681090 -0.10393700
0.54788500 -0.10949400 0.12099000
0.56946200 0.06527850 0.09464220
0.54145998 -0.13587099 0.16792400
-0.43503499 -0.03897850 -0.04672660
-0.44199800 0.14468300 -0.01656290
0.21334800 0.11207000 -0.28349099
-0.55480099 0.02255580 0.17356600
-0.56090897 -0.02194150 0.17589100
0.26935700 0.06855560 -0.23027501
0.17299500 -0.12243100 -0.14793999
-0.43765101 -0.01945010 -0.01397790
0.19339900 0.12919600 -0.21622699
-0.55330700 -0.05584720 0.13179900
-0.56185597 0.05758500 0.13283101
-0.55895001 0.05106860 0.14998201
-0.45809999 0.09144190 -0.02669680
0.18559000 -0.03679410 -0.14486399
-0.44802099 -0.08741940 -0.09387690
-0.44662401 0.03345560 -0.00976509
-0.44856799 0.09209850 -0.10399600
0.55393702 -0.12085900 0.35226899
0.54959798 0.12092900 0.35206300
-0.55734301 -0.04058230 0.16661800
0.68615299 0.05246540 0.15815701
0.31705201 0.14226900 -0.27193400
-0.23866400 0.06606100 -0.11569100
0.24905100 0.06994000 -0.24888401
0.60560203 0.15072800 0.36030701
0.28588301 0.07565130 -0.23497200
-0.55384499 0.04140770 0.16520201
0.57098699 0.14109400 0.19771799
-1.02207994 -0.01762060 0.13660900
0.74141699 -0.05105630 0.16542301
-0.55703998 0.00032056 0.18226500
0.57753998 -0.14082301 0.27777299
0.73608500 0.04941770 0.13645300
0.56220001 -0.08586630 0.40201199
0.57839602 0.14067200 0.28153300
0.22654900 -0.13165100 -0.31994000
0.73516703 0.04615360 0.14301600
0.32773599 0.12056800 -0.28355601
0.19389001 -0.12852199 -0.21788500
-0.33055699 0.10298700 -0.48545101
0.39387801 -0.11201200 0.27984899
0.74274403 0.05439270 0.30315301
0.31650901 -0.14218099 -0.27122301
0.38653401 -0.08983750 -0.46242601
-0.43249801 0.01133160 -0.01541800
0.41580299 -0.08846140 -0.49527100
0.26238701 -0.11517600 -0.45749301
0.73836797 -0.02999590 0.09680630
0.27005601 -0.07246510 -0.28896001
0.30645701 -0.07991850 -0.34000599
-0.43900201 -0.02819470 -0.03630830
-0.34392801 -0.16351900 -0.24119300
-0.44825101 0.09108690 -0.06862220
0.68645102 0.02557770 0.12820201
0.73281598 0.04293070 0.11861300
0.73281598 -0.04228960 0.11861300
0.29539600 -0.07948440 -0.22695400
0.61501098 -0.05530340 0.12077000
0.59472400 0.15633300 0.39851400
0.32772699 -0.12014300 -0.28135800
-0.42642301 -0.02452540 -0.04398710
-0.42912099 -0.00904700 -0.02409230
0.84915000 -0.00061141 0.15998501
0.57976300 -0.09902190 0.41912901
0.28136101 -0.14861400 -0.39028001
0.59011298 -0.14351100 0.41443700
-0.44620499 0.07268490 -0.07460100
0.58702499 0.14503500 0.34850299
-0.49577999 0.02668690 0.09729690
0.31351301 -0.07732980 -0.16445900
0.23417000 -0.11974400 -0.39342800
-1.02166998 0.02013110 0.13653700
0.22500500 0.10048300 -0.29754400
0.26783100 0.07319410 -0.29539299
0.72495800 -0.05441330 0.16685399
-0.40407401 0.14544199 -0.31979901
0.63650602 0.01923860 0.12575300
0.56564999 -0.11540100 0.37115699
-0.32448399 -0.16414700 -0.51586699
-0.32467499 -0.11598900 -0.48441899
-1.04121006 0.00141684 0.13775800
0.73160303 0.04210400 0.11304000
0.61998498 -0.14584801 0.32878399
0.21477300 -0.11044400 -0.28712600
0.74166900 -0.04740340 0.16547699
0.25639799 -0.07344280 -0.29435000
-0.38250300 -0.12295900 -0.43558800
0.67086297 -0.05558810 0.15841900
0.61478800 0.12336900 0.38312599
0.56181800 -0.14156599 0.29526001
0.56413198 0.14330000 0.28976700
0.59732300 0.12551901 0.17158900
-0.45343000 0.10108400 -0.04929000
-0.44975701 0.08311560 -0.05019110
-0.45015001 -0.08529840 -0.05108140
-0.34396401 0.10945300 -0.54035401
0.60717702 0.02341350 0.10229400
-0.45613101 -0.08761970 -0.04650470
0.68722498 0.03356370 0.12805200
-0.34318501 -0.12575500 -0.47383201
0.73717397 0.02891360 0.09687250
0.30554000 0.07943580 -0.34815699
-0.38489401 0.08512370 -0.45749801
0.25476801 0.14578301 -0.33788300
-0.43230200 -0.14969000 -0.35184199
0.61452401 -0.10952800 0.37763399
0.25664601 0.07425630 -0.29638401
0.73794198 0.02394810 0.15800001
0.73352700 -0.02026910 0.15689801
-0.44933501 -0.02264090 0.00431841
-0.43090901 -0.01393710 -0.03177260
-0.43090901 0.01457820 -0.03177260
0.73673397 0.01662900 0.11132000
0.21069799 -0.12661099 -0.27951801
0.68890297 -0.01729880 0.12742101
-0.43642300 0.00153072 0.00053129
0.61364597 0.01939970 0.10695500
0.60143602 0.10497200 0.14799200
-0.37847999 -0.16149700 -0.48196301
0.61449200 0.10990700 0.37801600
0.83168602 -0.00123498 0.14149100
0.66961199 0.01159660 0.14668299
0.23850299 0.08644910 -0.29074201
0.66312701 -0.01030470 0.14684699
0.20947000 -0.14038099 -0.24439301
0.80583102 -0.04908120 0.15788899
0.62135100 0.15950499 0.37158501
-0.40640599 0.13652501 -0.53541201
0.74431098 -0.05078160 0.30193600
0.37932399 0.08404140 -0.46306100
0.33826500 -0.13244499 -0.42601201
0.24709600 -0.13594800 -0.37506801
-0.46449500 -0.02256650 0.15562700
-0.34395599 0.12547299 -0.47357699
-0.31874999 0.13234299 -0.48963201
-0.36783600 -0.07087260 -0.49030700
0.59652501 0.02404120 0.09796870
-0.34976101 0.13862200 -0.48033899
-0.34628201 -0.13874400 -0.48210600
-0.39919499 -0.07191020 -0.46724501
-0.41364899 -0.01162490 -0.04701120
0.73639101 0.05860570 0.25541300
0.61949700 0.14662901 0.32757699
-1.00797999 0.01918450 0.13019200
-1.00829005 -0.01685170 0.13011600
-0.33660799 0.10420900 -0.53721398
0.66667902 -0.08474710 0.16960700
-0.33218700 0.15537199 -0.49183300
-0.32519001 -0.10851500 -0.48654300
0.58311802 0.13853499 0.33246300
0.70884103 0.04648290 0.12706999
0.69198197 0.02389370 0.14922900
0.25379699 -0.08287430 -0.37923199
0.41672099 -0.09385410 -0.49033999
0.80394399 0.03296880 0.13502701
0.39743400 -0.08862950 -0.51564902
-0.42856699 -0.00594374 -0.03373510
0.67070502 0.06335870 0.14949501
0.72189498 -0.05441520 0.14197700
0.71724701 -0.05766330 0.14658400
0.77249300 -0.03915780 0.09806090
-0.33740100 -0.09289880 -0.48812801
0.40052500 0.14135000 -0.46550399
0.84679300 -0.02780140 0.17422500
0.19816700 -0.10290400 -0.20132001
-0.40015200 -0.06778220 -0.47982201
0.63564599 0.07227760 0.14987200
-0.42686301 -0.00680826 -0.02950480
-0.42686301 0.00744937 -0.02950480
0.63858902 -0.06596580 0.14793301
0.63795000 0.03909020 0.13307400
0.57656801 -0.08870100 0.41144899
-0.36818099 0.12738200 -0.46065700
-0.36760899 -0.12667300 -0.46123201
-0.19704500 -0.11064300 -0.11986300
-0.37202701 0.16775601 -0.49066299
0.63762897 0.09526250 0.37744001
-0.39398900 -0.15557200 -0.46990800
-0.34078801 -0.13290900 -0.47913799
0.70073301 0.05209920 0.16160700
-0.19721299 0.11104000 -0.12012500
0.82371998 0.01181550 0.13454400
-0.35511300 0.14064801 -0.47576100
0.68003702 -0.01002790 0.14549001
0.80820698 0.03418490 0.13959700
-0.34444001 -0.09791830 -0.47919899
0.60247397 -0.14737999 0.31908000
-0.33474699 -0.10140900 -0.48323399
-0.35035601 0.08650030 -0.48056901
-0.33532900 0.09760780 -0.48648900
0.62287599 0.16338401 0.39899501
0.62348700 -0.16313900 0.40138501
-0.45565900 0.07278860 -0.04594160
-0.41260299 -0.00029524 -0.03703050
0.70895898 0.06277520 0.15131800
0.70954698 -0.06273860 0.15311000
0.62477702 0.05322050 0.13062000
-0.33625099 -0.08710260 -0.48832199
-0.39604700 0.15489900 -0.46735999
-1.01416004 0.02056050 0.13936800
0.60432601 -0.13760900 0.27740899
-0.36254799 0.07419710 -0.48835400
0.61830097 -0.12521900 0.32780600
0.57014102 -0.13267700 0.36826801
-0.32146201 -0.08822660 -0.51334202
0.39321899 -0.14409700 -0.46263799
0.58430398 0.13986400 0.29519099
0.67842603 0.04732730 0.15511100
0.67312902 -0.04753530 0.15511701
0.39559200 -0.10038600 -0.51570898
-0.30652601 0.12623100 -0.51618803
0.61259598 0.08100820 0.13178700
0.57427698 0.14000200 0.29923201
-0.34473801 0.10577300 -0.47414899
-0.34323701 -0.10423000 -0.47484300
0.72940999 -0.02366910 0.11605400
-1.01644003 0.01588910 0.17131101
-0.37055901 -0.16762300 -0.49149799
0.80692202 0.01279980 0.14617600
0.67098802 0.00032056 0.14222600
0.25303999 0.10296700 -0.43880799
-0.45982000 0.06043350 -0.02519000
0.64596802 0.01625170 0.13053000
0.62734801 -0.14925000 0.39970899
0.71437401 -0.05622790 0.16616900
-1.01647997 -0.01461840 0.17152500
-0.42705500 0.00558381 -0.02603430
0.28986299 -0.15133300 -0.45206001
-1.01301003 -0.00902221 0.13506500
0.61318099 -0.12187700 0.37965900
0.82268798 -0.00832569 0.13778800
-0.45658699 0.10314100 -0.04703390
0.20089200 -0.11572200 -0.23606800
0.75559300 -0.04000810 0.13413800
0.61833203 0.02475310 0.11248800
0.62515199 -0.15473799 0.37579599
0.84463000 -0.03767720 0.19196799
0.62613499 -0.02318900 0.11784200
0.61103499 -0.14935499 0.32402399
-0.33943200 0.13251200 -0.47828099
0.64626998 0.10081900 0.37099001
0.59483498 0.06688550 0.11093900
0.59570301 -0.06527670 0.11138000
0.60339701 -0.10411200 0.44824901
0.67444003 0.05817790 0.16020501
0.62342203 0.14925000 0.35683501
-0.35316601 -0.14198500 -0.47675499
0.32750699 -0.06707340 -0.48343000
-1.01392996 -0.01864700 0.13976100
-0.34305999 0.11892400 -0.54166698
0.64986497 -0.03066480 0.13273400
0.75498903 0.04106470 0.13496999
-1.01011002 0.00840403 0.13089100
0.71059197 0.03102300 0.11418700
0.64604598 -0.09940320 0.37270600
0.75783402 -0.04500760 0.13694200
0.71349901 0.05803050 0.16647500
-0.31784800 -0.15606000 -0.51581001
0.80100697 0.03672330 0.13887499
0.65600097 -0.02428990 0.13600200
0.64833099 0.03889780 0.13550700
0.60899103 0.15948801 0.37744001
0.61922097 0.07748040 0.13876100
0.79156601 0.01031700 0.08240690
-0.34009200 -0.09171710 -0.48290199
-0.35313201 -0.08885080 -0.47832999
-0.42459500 0.00032056 -0.03402200
0.65163398 0.02730220 0.13140200
0.42869201 -0.12084600 -0.49231800
-1.01446998 -0.01954630 0.13738300
-0.37233099 0.16056800 -0.48127499
0.63813698 0.10712600 0.37295800
0.26987401 -0.07108890 -0.38845399
0.73666602 -0.04483950 0.14237800
0.65690500 0.01946570 0.13604100
0.59657800 -0.15782200 0.38460600
0.59657800 0.15846300 0.38460600
-0.31775999 0.15665500 -0.51598400
0.64512002 -0.01685870 0.13053900
0.63029999 -0.11928000 0.33489799
-0.37095299 0.09100910 -0.46256199
0.75686699 0.01533610 0.15720600
0.20229299 0.11689700 -0.24279900
0.61042398 -0.12827900 0.32747900
-0.31845501 0.14459200 -0.50579101
-0.31972301 -0.10970700 -0.49191701
0.64953202 -0.11380700 0.33738101
0.63558501 -0.13049400 0.31397900
-0.45741600 -0.07743190 -0.03098790
0.72871202 -0.03429720 0.11614000
0.76776803 -0.03209820 0.08188810
0.80779499 -0.01091240 0.14590301
-0.19087701 -0.10302100 -0.09786110
-0.19087701 0.10366200 -0.09786110
0.62251401 -0.13086200 0.46064201
0.61585498 -0.15006000 0.32482001
-0.38295001 -0.10945900 -0.43231601
-0.37968799 -0.11033500 -0.44667000
-0.37948000 0.11085400 -0.44762301
0.63146299 -0.16423699 0.41091299
0.42853200 0.11997100 -0.49192700
-0.36959100 -0.07911130 -0.47667000
0.77668899 0.03693740 0.16030400
0.64564198 0.11590000 0.33992201
-1.03015995 -0.01309310 0.13463899
-1.02746999 0.01171490 0.13363500
0.37838900 -0.10532100 -0.51660103
-1.01400006 0.01356510 0.13558300
0.20966201 0.12745801 -0.27518299
0.68241799 -0.03412780 0.15208399
0.78137600 -0.00760980 0.08539170
0.77656800 -0.03626110 0.16032900
0.72375399 0.06504890 0.17038199
0.61731100 -0.13604499 0.28087500
0.82646000 -0.02702620 0.14487401
-0.40749800 0.17252199 -0.51318997
0.61471701 -0.15703499 0.34971100
0.65156698 0.08947410 0.38983500
0.76558697 -0.03721120 0.09109210
0.64431697 0.06309570 0.14833200
0.36120999 -0.15146200 -0.45780000
0.18793400 -0.12870100 -0.19767700
0.64972800 -0.03828450 0.13615000
-0.32446599 -0.10173600 -0.49287599
0.74993598 0.04341930 0.16450900
0.63041103 0.11982000 0.33507100
0.57641798 -0.13961101 0.29374701
-0.34491599 0.07481790 -0.49954000
0.70671803 -0.04301320 0.15800101
0.76777601 0.01782570 0.15989000
0.80992901 -0.04147030 0.14707400
0.66333598 0.01197280 0.12863301
0.70959699 0.04479300 0.15913901
0.63129503 0.16411400 0.40740001
-0.45766899 0.12542900 -0.48764500
-0.33820900 0.07426270 -0.51427698
0.72931600 0.03462780 0.11570700
0.61944902 -0.16682699 0.40802300
0.33196700 -0.17289101 -0.50182903
0.78141397 -0.06246810 0.18825901
0.73639601 0.07226210 0.22433101
0.80613297 0.04979350 0.15822700
0.67407298 0.01102220 0.13088199
0.65802002 0.08548400 0.38538501
-0.34481800 -0.09107180 -0.48410001
-0.37094501 -0.08394400 -0.47179100
0.42704499 -0.12850700 -0.49087000
-0.32568401 -0.09471090 -0.49434999
0.42063501 0.13245100 -0.50147903
-0.32582501 0.09503570 -0.49448901
0.61955500 -0.07623180 0.13876000
0.65240097 -0.04316730 0.14046800
0.63389999 -0.12465400 0.34560901
-0.32338300 0.09756580 -0.50291997
-0.32338300 -0.09692460 -0.50291997
0.65581298 -0.00995117 0.13996001
0.63919199 0.09886730 0.37751201
0.80906802 0.03691570 0.13936500
0.63792300 -0.09427860 0.37891099
0.76730198 0.01462270 0.15617500
0.42688000 0.12714300 -0.48944500
0.63280499 -0.15717000 0.40136901
0.42067900 -0.13177000 -0.50017202
0.39333400 -0.16921800 -0.50023502
0.65831298 -0.01316560 0.13482100
-0.32159600 0.10393100 -0.49494499
0.75783002 0.04319240 0.13201600
0.42708099 -0.11160600 -0.49206099
0.75868201 -0.04098820 0.12783401
0.62085497 0.14341500 0.38124701
0.78020102 0.00859357 0.08570440
0.64039701 -0.03580830 0.13348700
0.57076001 0.13871901 0.31216800
0.68011898 -0.06214070 0.16218400
-0.34493199 0.09160330 -0.48133501
0.66210401 -0.02884030 0.15037000
0.81516600 -0.03395900 0.14107899
0.62708598 -0.15208200 0.38036901
0.41586900 -0.09894190 -0.49494499
0.42670599 0.11226400 -0.49059200
0.80286199 -0.00522980 0.08182500
0.38771200 0.17717600 -0.49849001
0.65546203 0.01029480 0.14014301
0.39658299 -0.11677300 -0.51889002
0.41604400 0.09946510 -0.49677899
0.77280599 -0.03184720 0.09255770
0.61991602 -0.14133900 0.37903899
0.30618200 -0.07555120 -0.48520201
-0.41528600 0.16380800 -0.52473402
-0.32094401 0.08817710 -0.52465999
0.33514699 -0.16852400 -0.51042199
-0.36137199 0.16065700 -0.48182601
-0.31612900 0.09727840 -0.51604599
-1.00900996 -0.02846760 0.13517401
-0.35067400 0.14664900 -0.54215199
-0.34317401 0.09816140 -0.53727299
0.70430702 0.02362760 0.12379000
0.63960600 -0.09804500 0.38411501
0.66930002 0.03135090 0.13228700
0.63015300 0.13422100 0.30625501
0.35395300 -0.17607901 -0.51242399
0.68189198 -0.05347770 0.15862399
0.82105500 0.03070870 0.14409301
0.42532000 -0.13030601 -0.49541700
0.60660100 -0.13403501 0.33642399
0.65496403 -0.03714740 0.14279100
0.65123397 -0.02978740 0.14630800
0.73879099 -0.04812060 0.13630500
0.61095899 -0.14281100 0.31869900
0.62459803 0.15847901 0.37898099
-0.34863800 0.09563310 -0.47846901
0.62767601 0.15388800 0.38260001
0.79450202 0.02317620 0.08239270
0.65251499 0.03582500 0.14306900