4 1 2
1 5 2
1 6 3
9 1 3
6 1 4
1 7 5
9 7 1
10 4 2
5 10 2
3 6 8
3 8 11
11 9 3
4 14 6
10 12 4
12 14 4
7 15 5
13 10 5
15 13 5
6 2297 8
14 2297 6
9 17 7
15 7 17
11 8 16
16 8 2297
9 11 17
10 18 12
13 18 10
19 11 16
19 17 11
20 14 12
18 20 12
15 21 13
21 18 13
22 16 14
14 16 2297
20 22 14
23 15 17
23 21 15
24 19 16
22 24 16
19 25 17
25 23 17
18 26 20
21 26 18
24 31 19
31 25 19
27 22 20
26 27 20
23 28 21
28 26 21
22 29 24
27 29 22
30 23 25
30 28 23
29 32 24
32 31 24
25 33 30
33 25 31
26 39 27
39 26 28
35 29 27
39 35 27
30 36 28
36 39 28
29 37 32
35 37 29
38 30 33
38 36 30
32 40 31
41 33 31
40 34 31
34 41 31
37 40 32
38 33 41
40 45 34
45 41 34
42 37 35
39 42 35
36 38 43
36 43 39
37 48 40
46 37 42
37 46 48
2558 38 41
47 43 38
47 38 2558
44 42 39
44 39 43
48 45 40
45 2558 41
44 50 42
50 46 42
51 44 43
47 51 43
44 54 50
51 54 44
48 55 45
55 49 45
45 49 2558
48 46 52
50 52 46
49 53 47
49 47 2558
51 47 53
52 2412 48
2412 55 48
57 53 49
55 57 49
58 52 50
54 58 50
53 59 51
59 54 51
60 56 52
52 56 2412
58 60 52
57 61 53
61 59 53
62 58 54
59 62 54
56 63 55
56 55 2412
63 57 55
60 64 56
64 63 56
65 61 57
63 65 57
66 60 58
62 66 58
61 67 59
67 62 59
64 60 2415
2415 60 66
2377 61 65
2377 67 61
2256 66 62
67 2256 62
64 2312 63
63 2370 65
2312 2370 63
68 2314 64
64 2415 68
2314 2312 64
2370 2377 65
66 2394 68
68 2415 66
2256 70 66
2394 66 70
2362 67 69
69 67 2377
70 2256 67
2362 70 67
68 71 2314
2330 71 68
2394 2330 68
72 69 2370
72 2374 69
75 2362 69
2374 75 69
2370 69 2377
2392 74 70
70 74 2394
75 70 2362
75 2392 70
71 73 2312
73 71 2360
71 2312 2314
2360 71 2330
73 72 2312
73 2379 72
2312 72 2370
2379 2374 72
2335 73 2360
2335 2379 73
2328 76 74
74 76 2330
2392 2328 74
74 2330 2394
77 2298 75
2374 77 75
2298 78 75
78 2392 75
2352 79 76
76 79 2360
82 76 2328
82 2352 76
76 2360 2330
80 2327 77
80 77 2379
77 2307 2298
2327 2307 77
2379 77 2374
2321 82 78
78 82 2328
83 78 2298
83 2321 78
78 2328 2392
86 81 79
79 81 2335
2352 86 79
79 2335 2360
81 80 2335
81 2368 80
80 2368 2327
2335 80 2379
86 89 81
89 87 81
87 2368 81
82 84 2352
2369 84 82
88 82 2321
88 2369 82
85 83 2327
85 2358 83
83 88 2321
2358 88 83
2307 83 2298
2327 83 2307
2323 86 84
84 86 2352
2347 2323 84
2347 84 2369
87 2324 85
87 85 2368
2324 2341 85
2368 85 2327
85 2341 2358
2481 89 86
2414 86 2323
2414 2337 86
2337 2481 86
89 2348 87
87 2409 2324
2348 2409 87
88 2331 2299
2369 88 2299
2384 2331 88
88 2358 2482
2482 2384 88
89 2356 2348
2512 2356 89
2512 89 2481
92 105 90
92 90 2389
90 105 93
90 93 2617
2371 2354 90
2354 2389 90
2371 90 2356
90 2617 2356
98 96 91
91 96 2345
97 98 91
97 91 2353
91 2345 2331
91 2331 2384
2353 91 2384
101 92 94
94 92 2389
99 92 101
99 105 92
102 95 93
93 95 2617
100 102 93
93 105 100
96 94 2438
94 96 2658
101 94 2658
94 2332 2383
94 2389 2332
2438 94 2383
102 97 95
95 97 2475
95 2475 2388
2596 95 2388
2617 95 2596
96 98 103
2658 96 103
2345 96 2399
2399 96 2438
98 97 104
97 102 104
97 2353 2456
97 2456 2475
98 106 103
104 106 98
99 101 2257
107 105 99
107 99 2257
102 100 2258
105 108 100
100 108 2258
103 112 101
101 2658 103
101 112 2257
104 102 113
102 2258 113
106 110 103
110 112 103
111 106 104
113 111 104
107 109 105
109 108 105
106 114 110
115 106 111
121 114 106
115 121 106
109 107 118
140 107 112
112 107 2257
140 118 107
119 108 109
141 113 108
108 113 2258
108 119 141
118 120 109
120 119 109
130 112 110
114 124 110
124 130 110
113 131 111
125 115 111
131 125 111
140 112 130
141 131 113
121 126 114
122 124 114
126 122 114
115 127 121
125 123 115
123 127 115
116 122 126
190 122 116
151 116 126
116 151 136
196 116 136
196 190 116
123 117 127
123 191 117
117 152 127
117 137 152
117 197 137
191 197 117
186 120 118
140 194 118
194 186 118
120 186 119
119 195 141
186 195 119
142 126 121
127 142 121
216 124 122
190 216 122
125 217 123
217 191 123
228 130 124
216 228 124
131 229 125
229 217 125
2391 126 142
2391 151 126
187 142 127
152 187 127
134 132 128
132 161 128
138 134 128
155 138 128
161 155 128
129 133 135
162 133 129
135 139 129
139 156 129
156 162 129
168 140 130
253 168 130
228 253 130
141 169 131
169 254 131
254 229 131
134 145 132
145 147 132
147 175 132
175 161 132
133 146 135
148 146 133
176 148 133
162 176 133
143 134 138
198 134 143
192 145 134
198 192 134
144 139 135
177 144 135
146 193 135
135 193 177
151 2305 136
170 237 136
136 2305 170
237 196 136
2304 152 137
197 2333 137
2304 137 2387
137 2333 2387
149 143 138
149 138 153
155 153 138
144 150 139
139 150 154
156 139 154
168 222 140
222 194 140
223 169 141
195 223 141
187 2391 142
149 157 143
204 143 157
198 143 204
150 144 158
144 205 158
199 144 177
199 205 144
178 147 145
145 192 178
148 179 146
179 193 146
178 166 147
166 206 147
206 175 147
167 179 148
207 167 148
176 207 148
153 180 149
157 149 159
149 180 159
150 165 154
160 150 158
160 181 150
181 165 150
151 2367 2305
2367 151 2447
2421 151 2391
2421 2447 151
2448 187 152
2366 152 2304
2366 2448 152
155 220 153
245 180 153
220 245 153
221 156 154
165 221 154
208 155 161
208 220 155
209 162 156
221 209 156
163 157 159
204 157 163
164 160 158
205 164 158
163 159 172
159 180 172
164 185 160
185 181 160
175 247 161
247 208 161
248 176 162
209 248 162
173 163 172
210 163 173
210 204 163
174 185 164
211 174 164
205 211 164
246 165 181
246 221 165
178 218 166
218 188 166
188 251 166
251 206 166
219 179 167
189 219 167
252 189 167
207 252 167
255 222 168
253 255 168
223 256 169
256 254 169
2305 212 170
212 2336 170
2378 237 170
2336 2390 170
2390 2378 170
189 252 171
262 189 171
252 213 171
213 2304 171
238 262 171
2333 238 171
2304 2387 171
2387 2333 171
184 173 172
180 226 172
226 184 172
184 182 173
182 231 173
173 231 210
185 174 183
174 232 183
211 232 174
206 276 175
276 247 175
277 207 176
248 277 176
177 193 271
199 177 271
192 259 178
312 218 178
259 312 178
179 260 193
219 313 179
179 313 260
226 180 274
180 245 274
227 181 185
227 275 181
181 275 246
182 184 200
200 202 182
202 235 182
182 235 231
2661 185 183
203 201 183
201 2661 183
236 203 183
232 236 183
184 230 200
184 226 2437
243 230 184
184 2437 243
2646 227 185
2646 185 2661
194 344 186
186 345 195
344 389 186
389 345 186
2613 297 187
297 2615 187
187 2421 2391
187 2447 2421
187 2615 2447
2613 187 2448
218 261 188
251 188 2336
188 261 2378
2336 188 2390
188 2378 2390
262 219 189
196 371 190
433 216 190
371 433 190
372 197 191
217 434 191
434 372 191
270 192 198
295 259 192
295 192 270
193 260 296
193 296 271
222 348 194
348 344 194
349 223 195
345 349 195
237 371 196
372 238 197
197 238 2333
204 283 198
198 283 270
284 205 199
271 284 199
202 200 224
233 224 200
233 200 230
203 225 201
225 234 201
250 201 234
250 2646 201
2646 2661 201
235 202 214
202 240 214
224 240 202
236 215 203
239 203 215
239 225 203
204 210 272
272 283 204
211 205 273
284 273 205
206 251 326
326 276 206
252 207 327
277 327 207
220 208 302
247 302 208
221 303 209
248 209 303
231 291 210
291 272 210
232 211 292
273 292 211
212 251 2336
2406 251 212
2367 212 2305
212 2367 2429
2429 2406 212
252 2259 213
2259 2403 213
213 2366 2304
213 2380 2366
213 2403 2380
269 235 214
257 214 240
257 269 214
215 236 2398
258 239 215
215 2398 258
399 228 216
433 399 216
229 400 217
217 400 434
218 312 261
219 262 313
322 245 220
302 322 220
246 323 221
303 221 323
255 348 222
349 256 223
233 241 224
224 241 240
225 242 234
239 2608 225
225 2608 242
274 304 226
2437 226 304
2586 227 244
244 227 2646
275 227 305
2586 305 227
417 253 228
417 228 399
254 418 229
229 418 400
249 233 230
243 249 230
235 300 231
300 291 231
2440 236 232
232 292 301
301 2440 232
267 241 233
249 267 233
268 234 242
268 250 234
235 269 314
235 314 300
236 2440 2398
261 421 237
261 237 2378
421 371 237
422 262 238
422 238 372
258 264 239
2608 239 264
263 240 241
263 257 240
289 263 241
267 265 241
265 289 241
266 268 242
266 242 2608
243 279 249
285 279 243
2437 285 243
280 244 250
2646 250 244
280 286 244
286 2586 244
332 274 245
322 332 245
275 333 246
323 246 333
276 330 247
302 247 330
277 248 331
303 331 248
278 267 249
279 278 249
268 299 250
299 280 250
251 369 326
369 251 346
346 251 2406
252 327 370
370 2259 252
425 255 253
417 425 253
256 426 254
426 418 254
403 348 255
425 403 255
349 404 256
404 426 256
263 281 257
257 308 269
308 257 281
282 264 258
309 282 258
258 2398 309
351 259 295
351 312 259
260 352 296
313 352 260
312 381 261
381 421 261
313 262 382
422 382 262
288 281 263
289 288 263
290 266 264
266 2608 264
287 264 282
287 290 264
267 317 265
317 289 265
316 268 266
290 316 266
278 317 267
325 299 268
316 325 268
318 269 308
314 269 318
283 2519 270
2519 295 270
284 271 2450
271 296 2260
2450 271 2260
283 272 361
291 361 272
284 362 273
362 292 273
357 304 274
357 274 332
275 305 358
358 333 275
326 387 276
387 330 276
388 327 277
331 388 277
278 279 298
298 324 278
324 317 278
285 306 279
306 298 279
286 280 307
280 299 307
288 311 281
281 311 308
282 310 287
310 282 309
383 355 283
283 355 2519
383 283 361
356 384 284
356 284 2450
384 362 284
306 285 375
375 285 340
2437 340 285
307 350 286
286 350 341
286 341 2586
290 287 321
310 321 287
289 320 288
288 320 311
289 317 337
289 337 320
336 316 290
336 290 321
300 367 291
291 367 361
292 368 301
362 368 292
297 2420 293
297 293 2615
293 2382 2364
293 2364 2429
2420 2382 293
2429 2447 293
2615 293 2447
297 294 2420
294 297 2613
2365 294 2380
2365 2381 294
2380 294 2448
2420 294 2381
294 2613 2448
351 295 2519
296 352 2260
306 328 298
298 353 324
328 353 298
329 307 299
325 354 299
354 329 299
314 379 300
379 367 300
301 380 315
2440 301 315
368 380 301
413 322 302
330 413 302
323 414 303
414 331 303
304 373 340
340 2437 304
357 373 304
374 305 341
341 305 2586
374 358 305
375 328 306
329 376 307
376 350 307
308 311 339
318 308 342
308 339 342
338 310 309
319 343 309
319 309 2398
343 338 309
334 321 310
334 310 338
311 320 335
335 339 311
351 455 312
455 381 312
456 352 313
382 456 313
363 314 318
363 419 314
314 419 379
364 319 315
315 319 2398
364 315 420
380 420 315
2398 2440 315
316 336 325
324 360 317
360 337 317
385 318 342
363 318 385
319 386 343
319 364 386
335 320 2648
337 2648 320
334 2656 321
2656 336 321
407 332 322
413 407 322
333 408 323
408 414 323
353 360 324
325 336 359
354 325 359
475 326 369
387 326 475
476 370 327
388 476 327
328 378 353
401 328 375
378 328 401
354 377 329
402 376 329
377 402 329
387 439 330
439 413 330
331 414 388
357 332 415
407 415 332
358 416 333
416 408 333
390 334 338
390 397 334
334 397 2656
391 339 335
396 391 335
2648 396 335
336 410 359
2593 410 336
2656 2593 336
360 409 337
409 2648 337
343 366 338
366 393 338
393 390 338
339 365 342
339 392 365
391 392 339
373 451 340
375 340 423
340 473 423
451 473 340
350 398 341
374 341 452
398 452 341
365 394 342
394 385 342
395 366 343
386 395 343
348 513 344
344 513 389
514 349 345
389 514 345
517 369 346
2430 517 346
2364 346 2406
2364 2430 346
2259 370 347
370 2350 347
2350 518 347
518 2431 347
2259 347 2403
347 2365 2403
347 2431 2365
403 535 348
535 513 348
536 404 349
514 536 349
376 424 350
424 398 350
411 479 351
351 2519 411
479 455 351
480 412 352
352 412 2260
456 480 352
353 444 360
378 444 353
359 443 354
443 377 354
355 383 2511
411 355 2511
2519 355 411
384 356 2455
2310 356 2260
356 2450 2260
2310 2455 356
431 373 357
357 415 431
374 432 358
432 416 358
410 462 359
503 443 359
462 2413 359
2413 503 359
2449 409 360
444 504 360
504 2449 360
361 367 2492
383 361 2604
361 2492 441
441 2604 361
368 362 2240
384 2240 362
385 457 363
363 437 419
437 363 457
458 386 364
420 438 364
458 364 438
365 392 428
394 365 428
427 393 366
395 427 366
405 367 379
405 429 367
429 445 367
2492 367 445
368 406 380
430 406 368
446 430 368
368 2240 446
538 475 369
517 538 369
476 539 370
539 2350 370
421 2226 371
2234 433 371
2226 2242 371
2242 2234 371
2231 422 372
434 2235 372
2231 372 2250
2235 2250 372
431 465 373
507 451 373
465 507 373
466 432 374
452 466 374
375 435 401
435 375 423
402 436 376
436 424 376
402 377 443
444 378 401
449 405 379
449 379 419
406 450 380
450 420 380
544 421 381
455 544 381
422 545 382
545 456 382
2511 383 2633
2633 383 2604
2634 2240 384
384 2455 2400
384 2400 2634
385 394 467
385 467 457
2459 395 386
2459 386 458
439 387 489
489 387 475
414 440 388
440 490 388
490 476 388
513 537 389
389 537 514
469 390 393
499 397 390
469 499 390
448 392 391
396 448 391
392 470 428
392 448 470
427 469 393
428 467 394
468 427 395
395 2459 468
409 461 396
2648 409 396
396 500 448
522 396 461
500 396 525
396 522 525
397 499 526
521 397 526
2593 397 521
397 2593 2656
424 474 398
474 452 398
607 417 399
433 607 399
418 608 400
608 434 400
435 488 401
488 444 401
402 487 436
443 487 402
425 588 403
558 535 403
588 558 403
589 426 404
536 559 404
559 589 404
453 429 405
449 453 405
454 406 430
454 450 406
463 407 413
415 407 441
407 463 441
408 464 414
416 442 408
442 464 408
461 409 2449
462 410 2593
459 491 411
411 2511 459
491 479 411
480 492 412
492 2484 412
412 2310 2260
412 2400 2310
412 2484 2400
2639 413 439
413 2623 463
2639 2623 413
414 2408 440
2624 414 464
414 492 2408
2624 492 414
431 415 445
415 441 445
432 446 416
442 416 446
594 425 417
607 594 417
426 595 418
595 608 418
437 2578 419
2644 449 419
2578 2644 419
420 2517 438
450 2727 420
2727 2517 420
544 620 421
620 2226 421
621 545 422
2231 621 422
483 435 423
483 423 473
484 424 436
484 474 424
594 588 425
595 426 589
468 478 427
478 469 427
477 467 428
470 477 428
471 445 429
453 471 429
446 472 430
454 430 472
445 465 431
446 432 466
629 607 433
2234 629 433
608 630 434
630 2235 434
493 435 483
435 493 488
494 484 436
487 494 436
457 515 437
515 2692 437
437 2692 2578
438 516 458
2688 516 438
2559 438 2517
2688 438 2559
489 491 439
491 2639 439
490 440 2408
441 2492 445
463 2604 441
2240 442 446
2240 464 442
443 523 487
503 523 443
488 524 444
524 504 444
445 471 465
466 472 446
481 2382 447
2554 481 447
2381 482 447
482 2554 447
2420 2381 447
2420 447 2382
500 470 448
497 453 449
2670 497 449
2644 2670 449
454 498 450
450 498 2727
451 511 473
507 511 451
508 466 452
512 452 474
512 508 452
471 453 497
454 472 2681
454 2681 498
479 554 455
544 455 554
555 480 456
545 555 456
531 457 467
515 457 531
532 468 458
468 2459 458
516 532 458
463 2623 459
2633 463 459
2623 491 459
2511 2633 459
460 2624 464
460 464 2634
492 460 2484
2624 460 492
2484 460 2454
2634 2454 460
565 522 461
461 562 565
2449 562 461
462 521 564
2593 521 462
563 462 564
563 2413 462
463 2633 2604
2634 464 2240
471 485 465
495 465 485
495 507 465
472 466 486
466 496 486
466 508 496
467 477 533
533 531 467
478 468 534
468 532 534
469 478 502
469 502 499
470 501 477
500 501 470
505 485 471
497 509 471
509 505 471
472 486 2681
473 529 483
511 570 473
473 570 529
484 530 474
512 474 571
571 474 530
560 489 475
538 560 475
490 561 476
539 476 561
477 501 533
502 478 534
491 527 479
527 554 479
528 492 480
528 480 555
2375 481 2402
481 2375 2430
2382 481 2531
2667 2402 481
2531 481 2430
2667 481 2554
2431 482 2381
2442 2401 482
2401 2668 482
482 2431 2442
482 2668 2554
483 529 493
494 530 484
485 505 495
506 486 496
506 2681 486
487 543 494
523 549 487
549 543 487
542 488 493
548 524 488
542 548 488
491 489 527
527 489 560
492 528 490
490 2408 492
528 561 490
2623 2639 491
542 493 529
543 530 494
505 519 495
519 507 495
520 506 496
496 508 520
2520 509 497
574 2520 497
2670 574 497
498 510 2521
2681 510 498
2521 575 498
575 2727 498
502 547 499
547 526 499
500 546 501
546 500 525
533 501 546
534 547 502
569 523 503
503 573 569
2413 573 503
524 568 504
568 572 504
504 572 2449
509 2655 505
605 519 505
2655 605 505
2638 510 506
506 510 2681
520 2698 506
506 2698 2638
2540 511 507
507 519 2466
507 2466 2480
2480 2540 507
512 2697 508
508 2677 520
2697 2677 508
2587 509 2520
2587 2683 509
509 2683 2655
611 2588 510
611 510 2638
2521 510 2588
511 2699 570
2699 511 2540
571 2697 512
535 659 513
659 537 513
660 536 514
537 660 514
540 515 531
540 2692 515
516 541 532
541 516 2543
2543 516 2688
2255 538 517
662 2255 517
2334 662 517
517 2375 2334
2375 517 2430
2329 663 518
663 2417 518
2385 2329 518
2350 2385 518
518 2417 2442
2442 2431 518
605 2466 519
2677 2698 520
526 557 521
557 564 521
556 525 522
565 556 522
569 549 523
548 568 524
566 546 525
556 566 525
547 567 526
567 557 526
592 554 527
560 592 527
555 593 528
593 561 528
529 596 542
570 596 529
543 597 530
571 530 597
533 552 531
540 531 552
534 532 553
532 541 553
533 546 552
547 534 553
558 666 535
666 659 535
667 559 536
667 536 660
659 661 537
661 660 537
635 560 538
2255 635 538
561 636 539
539 636 2329
539 2329 2385
2350 539 2385
586 550 540
2696 540 550
552 586 540
2692 540 2578
2578 540 2696
587 553 541
587 541 2673
541 2543 2705
2705 2673 541
601 548 542
596 601 542
549 602 543
602 597 543
554 645 544
645 620 544
555 545 646
621 646 545
546 577 552
566 577 546
553 578 547
578 567 547
568 548 601
602 549 569
586 574 550
550 574 2670
2644 550 2670
2644 2696 550
575 587 551
551 2727 575
587 2673 551
2727 551 2673
577 586 552
587 578 553
592 645 554
593 555 646
565 579 556
556 582 566
582 556 579
580 564 557
567 581 557
557 581 580
668 558 588
668 666 558
559 669 589
667 669 559
592 560 635
593 636 561
562 579 565
572 585 562
572 562 2449
562 603 579
585 603 562
600 563 564
573 563 609
563 573 2413
563 600 604
604 609 563
580 600 564
582 577 566
578 581 567
572 568 584
568 601 584
569 573 583
602 569 583
2605 596 570
2699 2605 570
597 599 571
571 599 2697
584 614 572
614 585 572
573 615 583
615 573 609
586 627 574
627 616 574
574 616 2520
575 628 587
617 628 575
617 575 2521
576 2361 639
639 2402 576
640 2361 576
640 576 2401
2401 576 2668
2402 2667 576
576 2667 2554
2668 576 2554
577 582 637
577 637 586
578 638 581
638 578 587
582 579 613
603 648 579
579 618 613
648 618 579
612 580 581
619 600 580
612 619 580
638 612 581
582 613 637
615 602 583
601 614 584
623 603 585
614 625 585
625 623 585
586 637 627
587 628 638
594 675 588
670 668 588
675 670 588
589 676 595
669 671 589
671 676 589
590 598 2480
2662 598 590
590 2466 605
590 605 2610
653 2562 590
2610 653 590
2480 2466 590
590 2562 2662
599 644 591
599 591 2677
591 2635 606
591 606 2698
644 2600 591
2600 2635 591
2677 591 2698
664 592 635
664 645 592
665 636 593
646 665 593
607 679 594
679 675 594
680 608 595
676 680 595
601 596 643
2605 643 596
599 597 644
602 644 597
2480 598 2540
598 2699 2540
598 2662 2605
598 2605 2699
599 2677 2697
600 622 604
619 622 600
614 601 2685
601 643 2685
602 615 634
634 644 602
648 603 623
609 604 624
622 647 604
604 647 624
610 2496 605
2655 610 605
2496 2610 605
654 611 606
606 611 2638
2635 654 606
606 2638 2698
683 607 629
683 679 607
608 684 630
680 684 608
626 615 609
626 609 624
616 655 610
616 610 2587
655 2496 610
2587 610 2683
2683 610 2655
656 617 611
611 617 2588
654 656 611
638 619 612
618 637 613
614 633 625
633 614 2685
634 615 626
627 641 616
616 641 655
616 2587 2520
628 617 642
642 617 656
2521 2588 617
637 618 641
641 618 649
649 618 648
619 650 622
638 642 619
619 642 650
645 672 620
620 688 651
620 651 2226
672 688 620
673 646 621
689 621 652
652 621 2231
689 673 621
647 622 650
625 657 623
657 648 623
658 626 624
647 658 624
633 631 625
625 631 2572
657 625 2572
632 634 626
626 2700 632
626 658 2700
627 637 641
638 628 642
651 683 629
651 629 2234
630 684 652
630 652 2235
633 643 631
2562 631 643
631 2562 653
2572 631 653
632 644 634
644 632 2600
2700 2600 632
643 633 2685
662 664 635
662 635 2255
665 2433 636
636 2433 2329
662 2334 639
2339 662 639
674 677 639
2361 674 639
639 677 2339
2402 639 2334
678 674 640
640 674 2361
2338 678 640
2373 2338 640
2373 640 2417
2417 640 2401
641 649 655
650 642 656
2562 643 2662
643 2605 2662
645 664 672
665 646 673
647 650 658
649 648 657
655 649 657
650 656 658
690 683 651
690 651 688
2226 651 2242
651 2234 2242
684 691 652
691 689 652
652 2231 2250
2235 652 2250
655 653 2496
653 655 2572
2496 653 2610
658 656 654
654 2700 658
2700 654 2635
655 657 2572
687 661 659
666 685 659
685 687 659
687 660 661
686 667 660
687 686 660
662 681 664
692 681 662
692 662 2339
663 682 2349
2433 682 663
2433 663 2329
663 2349 2373
663 2373 2417
681 672 664
682 665 673
665 682 2433
668 694 666
694 685 666
667 695 669
686 695 667
670 698 668
698 694 668
699 671 669
695 699 669
675 703 670
703 698 670
704 676 671
704 671 699
688 672 681
689 682 673
702 677 674
678 2462 674
2462 702 674
679 707 675
707 703 675
708 680 676
704 708 676
696 692 677
677 692 2339
700 696 677
702 700 677
693 697 678
693 678 2338
697 701 678
701 2462 678
683 709 679
709 707 679
710 684 680
708 710 680
681 692 688
689 693 682
682 693 2349
683 690 717
713 709 683
713 683 717
691 684 718
710 714 684
684 714 718
719 687 685
694 719 685
687 720 686
720 695 686
721 687 719
721 720 687
705 690 688
692 705 688
691 706 689
689 706 693
690 705 715
690 715 717
706 691 716
716 691 718
696 705 692
706 697 693
2349 693 2338
698 723 694
723 719 694
724 699 695
720 724 695
711 696 700
705 696 715
711 715 696
697 712 701
697 706 716
697 716 712
703 727 698
727 723 698
728 704 699
724 728 699
702 725 700
729 711 700
725 729 700
730 701 712
730 726 701
726 2462 701
725 702 722
722 702 726
726 702 2462
707 731 703
731 727 703
732 708 704
728 732 704
709 737 707
737 731 707
738 710 708
732 738 708
713 735 709
709 735 737
736 714 710
738 736 710
711 733 715
729 733 711
716 734 712
734 730 712
739 713 717
739 735 713
740 718 714
736 740 714
715 733 717
718 734 716
741 717 733
739 717 741
742 734 718
740 742 718
743 721 719
723 743 719
721 744 720
720 744 724
743 766 721
766 744 721
722 747 725
726 747 722
745 723 727
745 743 723
746 728 724
744 746 724
756 729 725
747 752 725
752 756 725
730 757 726
753 747 726
757 753 726
731 748 727
748 745 727
749 732 728
746 749 728
729 760 733
756 760 729
761 730 734
761 757 730
737 750 731
750 748 731
732 751 738
749 751 732
764 741 733
760 764 733
742 765 734
765 761 734
735 754 737
758 735 739
758 754 735
738 755 736
759 740 736
755 759 736
754 750 737
751 755 738
741 762 739
762 758 739
763 742 740
759 763 740
764 762 741
763 765 742
745 767 743
767 766 743
768 746 744
766 768 744
769 745 748
767 745 769
770 749 746
768 770 746
773 752 747
753 773 747
750 2225 748
2228 769 748
2225 2228 748
2229 751 749
770 2229 749
754 771 750
771 2225 750
772 755 751
2233 772 751
2233 751 2229
774 756 752
773 774 752
757 775 753
775 773 753
758 776 754
776 771 754
777 759 755
772 777 755
778 760 756
774 778 756
761 779 757
779 775 757
762 780 758
780 776 758
781 763 759
777 781 759
760 786 764
778 784 760
784 786 760
787 761 765
785 779 761
787 785 761
764 782 762
782 780 762
765 763 783
781 783 763
786 782 764
787 765 783
767 790 766
790 768 766
769 788 767
788 790 767
789 770 768
790 789 768
793 788 769
791 793 769
791 769 2228
789 794 770
794 792 770
770 792 2229
776 797 771
797 791 771
771 791 2225
798 777 772
792 798 772
792 772 2233
795 774 773
775 796 773
805 795 773
796 805 773
799 778 774
795 799 774
779 800 775
800 796 775
780 801 776
801 797 776
802 781 777
798 802 777
778 799 784
785 800 779
782 803 780
803 801 780
804 783 781
802 804 781
786 810 782
810 803 782
811 787 783
804 811 783
806 786 784
799 806 784
787 807 785
807 800 785
806 808 786
808 810 786
809 807 787
811 809 787
813 790 788
793 813 788
790 814 789
814 794 789
813 812 790
790 812 814
815 793 791
797 815 791
2225 791 2228
794 816 792
816 798 792
792 2233 2229
793 2230 813
815 2230 793
2232 794 814
2232 816 794
819 799 795
805 819 795
800 820 796
820 805 796
817 797 801
817 815 797
802 798 818
816 818 798
823 806 799
819 823 799
824 800 807
824 820 800
825 801 803
2227 817 801
825 2227 801
802 826 804
818 2236 802
2236 826 802
810 825 803
826 811 804
2224 819 805
820 2224 805
806 821 808
823 821 806
809 822 807
822 824 807
827 810 808
821 827 808
811 828 809
828 822 809
829 825 810
827 829 810
826 830 811
811 830 828
813 833 812
833 814 812
831 836 813
2230 831 813
836 833 813
837 832 814
832 2232 814
833 837 814
817 834 815
834 831 815
815 831 2230
835 818 816
832 835 816
832 816 2232
840 834 817
838 840 817
838 817 2227
835 841 818
841 839 818
818 839 2236
2283 823 819
844 819 2224
844 2283 819
824 2237 820
820 844 2224
2237 844 820
2292 821 823
821 845 827
845 821 2292
822 846 824
846 822 828
847 823 2283
847 2295 823
2292 823 2295
824 846 2296
824 848 2237
2296 848 824
829 842 825
842 838 825
838 2227 825
843 830 826
839 843 826
839 826 2236
827 849 829
845 849 827
850 828 830
850 846 828
851 842 829
849 851 829
852 830 843
852 850 830
834 857 831
862 836 831
857 862 831
858 835 832
837 863 832
863 858 832
836 859 833
860 837 833
859 861 833
861 860 833
840 853 834
853 857 834
854 841 835
854 835 858
862 859 836
860 863 837
855 840 838
842 855 838
841 856 839
856 843 839
855 853 840
854 856 841
866 842 851
866 855 842
867 852 843
856 867 843
2261 847 844
844 847 2283
848 844 2237
848 2262 844
889 2261 844
2262 889 844
864 849 845
872 864 845
845 2295 872
845 2292 2295
850 865 846
865 873 846
2296 846 873
896 872 847
847 872 2295
2261 896 847
873 897 848
873 848 2296
897 2262 848
868 851 849
864 868 849
852 869 850
869 865 850
870 866 851
868 870 851
867 871 852
871 869 852
855 874 853
881 857 853
881 853 874
875 856 854
858 882 854
882 875 854
866 874 855
856 875 867
862 857 894
881 894 857
863 895 858
895 882 858
887 861 859
862 887 859
861 888 860
888 863 860
887 880 861
880 888 861
898 887 862
894 898 862
888 899 863
899 895 863
878 868 864
872 876 864
876 878 864
869 879 865
877 873 865
879 877 865
870 885 866
885 874 866
886 871 867
875 886 867
883 870 868
878 883 868
871 884 869
879 869 884
883 885 870
886 884 871
890 876 872
896 890 872
877 891 873
891 897 873
975 881 874
885 906 874
906 975 874
882 976 875
907 886 875
976 907 875
876 892 878
2426 876 890
2461 892 876
2426 2461 876
879 893 877
877 2427 891
893 2463 877
2427 877 2472
2463 2472 877
908 883 878
892 908 878
884 909 879
893 879 909
887 910 880
910 888 880
923 894 881
975 923 881
895 924 882
924 976 882
883 911 885
908 913 883
913 911 883
912 884 886
914 909 884
912 914 884
911 906 885
907 912 886
898 925 887
925 910 887
926 899 888
910 926 888
896 889 944
896 2261 889
889 897 944
897 889 2262
896 927 890
927 929 890
929 2460 890
2460 2426 890
928 897 891
2436 928 891
2427 2452 891
2436 891 2452
904 917 892
904 892 2461
917 908 892
909 918 893
2463 893 918
935 898 894
935 894 923
899 936 895
895 936 924
939 927 896
939 896 944
928 940 897
940 944 897
933 925 898
935 933 898
934 899 926
934 936 899
900 902 2422
902 900 2426
919 904 900
900 904 2461
919 900 2422
2426 900 2461
903 901 2416
901 903 2427
920 901 905
2472 905 901
901 920 2416
901 2427 2472
929 902 2460
929 2508 902
2508 2422 902
902 2426 2460
930 2436 903
2493 930 903
2507 903 2416
2427 903 2452
2436 2452 903
2507 2493 903
931 917 904
931 904 919
932 920 905
932 905 2423
905 2463 2423
2463 905 2472
911 970 906
970 964 906
964 975 906
907 971 912
965 971 907
976 965 907
960 913 908
960 908 917
914 947 909
947 918 909
981 910 925
910 982 926
981 1043 910
1044 982 910
1043 2238 910
2238 1044 910
913 956 911
956 970 911
957 914 912
971 957 912
960 956 913
957 947 914
943 919 915
919 2422 915
921 937 915
2422 921 915
915 937 2293
943 915 2293
938 922 916
922 2416 916
2541 938 916
2416 2619 916
2526 2541 916
2619 2526 916
962 917 931
960 917 962
947 961 918
918 961 2468
2423 2463 918
918 2546 2423
918 2468 2546
931 919 941
943 941 919
932 942 920
942 2619 920
920 2619 2416
921 968 937
948 968 921
948 921 2508
2508 921 2422
938 969 922
949 922 969
949 2493 922
922 2507 2416
922 2493 2507
935 923 983
975 983 923
936 984 924
984 976 924
979 925 933
979 981 925
926 980 934
982 980 926
954 929 927
939 954 927
955 928 930
928 2436 930
955 940 928
989 948 929
948 2508 929
954 989 929
949 990 930
949 930 2493
990 955 930
962 931 941
2444 942 932
963 932 2423
963 2444 932
979 933 935
980 936 934
993 979 935
993 935 983
994 936 980
994 984 936
952 945 937
937 945 2293
968 952 937
938 946 953
938 2541 946
969 938 953
944 1008 939
1008 954 939
1009 944 940
1009 940 955
966 941 943
991 962 941
966 991 941
942 992 967
2619 942 967
2444 992 942
966 943 958
958 943 2293
1026 1008 944
1009 1026 944
952 950 945
950 958 945
945 958 2293
951 953 946
959 951 946
2526 959 946
2526 946 2541
957 1021 947
1021 961 947
999 968 948
989 999 948
1000 949 969
1000 990 949
952 972 950
973 958 950
972 987 950
977 973 950
987 977 950
988 953 951
959 974 951
974 978 951
978 988 951
968 1001 952
1001 972 952
1002 969 953
953 988 1004
1004 1002 953
1010 989 954
1008 1010 954
1011 955 990
1011 1009 955
1020 956 960
1022 970 956
1020 1022 956
971 1023 957
1023 1021 957
985 966 958
973 985 958
986 974 959
2526 986 959
1014 960 962
1014 1020 960
1021 1015 961
961 1015 2468
991 1018 962
1018 1014 962
2418 1019 963
963 1019 2444
2468 2418 963
2546 963 2423
2546 2468 963
970 1053 964
1063 975 964
1053 1063 964
1054 971 965
976 1064 965
1064 1054 965
966 985 1005
1005 991 966
967 1006 986
2526 967 986
992 1006 967
2526 2619 967
1012 968 999
1012 1001 968
969 1013 1000
1002 1013 969
1022 1053 970
1054 1023 971
1003 987 972
1001 1003 972
997 973 977
995 985 973
997 995 973
974 998 978
986 996 974
996 998 974
1055 983 975
1076 1055 975
1063 1076 975
984 1056 976
1056 1077 976
1077 1064 976
987 1031 977
1024 997 977
1031 1024 977
1007 988 978
998 1007 978
1045 981 979
993 1051 979
1051 1045 979
982 1046 980
1052 994 980
1046 1052 980
1045 1043 981
1044 1046 982
983 1051 993
1051 983 1055
994 1052 984
1052 1056 984
985 995 1016
1005 985 1016
1017 996 986
1006 1017 986
1003 1027 987
1027 1031 987
1028 1004 988
1007 1032 988
988 1032 1028
1059 999 989
1010 1035 989
1059 989 1035
1000 1060 990
1036 1011 990
1060 1036 990
1005 1029 991
1029 1018 991
2443 1006 992
1030 2443 992
2446 1030 992
2444 2446 992
997 1033 995
1039 1016 995
1033 1039 995
996 1034 998
1040 996 1017
996 1040 1034
1037 997 1024
1033 997 1037
998 1025 1007
1038 1025 998
1034 1038 998
1059 1012 999
1013 1060 1000
1001 1041 1003
1012 1049 1001
1041 1001 1049
1042 1002 1004
1013 1002 1050
1050 1002 1042
2524 1027 1003
1041 2524 1003
1073 1004 1028
1073 1042 1004
1016 1047 1005
1047 1029 1005
1006 1048 1017
2443 1048 1006
1025 1032 1007
1008 1086 1010
1026 1128 1008
1086 1008 1128
1087 1009 1011
1128 1026 1009
1087 1128 1009
1010 1078 1035
1086 1078 1010
1036 1079 1011
1079 1087 1011
1012 1074 1049
1059 1074 1012
1075 1013 1050
1013 1075 1060
1018 1092 1014
1096 1020 1014
1092 1096 1014
1021 1097 1015
1097 2393 1015
2393 2418 1015
1015 2418 2468
1016 1039 1061
1016 2550 1047
1016 1061 2550
1040 1017 1062
1062 1017 1048
1029 1092 1018
1019 2359 1030
1019 1030 2446
1093 2359 1019
1093 1019 2418
2444 1019 2446
1020 1129 1022
1096 1122 1020
1122 1129 1020
1130 1021 1023
1123 1097 1021
1130 1123 1021
1129 1053 1022
1130 1023 1054
1065 1024 1031
1057 1037 1024
1065 1057 1024
1066 1032 1025
1038 1058 1025
1058 1066 1025
1069 1031 1027
1095 1069 1027
1095 1027 2524
1032 1070 1028
1070 1073 1028
1029 1047 1100
1100 1092 1029
2359 1101 1030
2443 1030 1101
1069 1065 1031
1066 1070 1032
1072 1033 1037
1082 1039 1033
1082 1033 1072
1071 1038 1034
1040 1083 1034
1083 1071 1034
1131 1059 1035
1078 1116 1035
1116 1131 1035
1060 1132 1036
1079 1036 1117
1132 1117 1036
1057 1067 1037
1067 1072 1037
1068 1058 1038
1071 1068 1038
1039 1084 1061
1039 1082 1084
1040 1062 1085
1083 1040 1085
1049 1114 1041
1041 1126 1080
1041 1080 2524
1114 1126 1041
1050 1042 1115
1081 1042 1073
1081 1127 1042
1127 1115 1042
1045 1143 1043
1043 1236 1109
1043 1109 2238
1236 1043 1143
1144 1046 1044
1109 1237 1044
1109 1044 2238
1237 1144 1044
1045 1051 1143
1052 1046 1144
1100 1047 1088
2550 1088 1047
1048 2573 1062
2443 1089 1048
1089 2573 1048
1074 1114 1049
1115 1075 1050
1055 2291 1051
1145 1143 1051
2291 1145 1051
1146 1056 1052
1146 1052 1144
1229 1063 1053
1129 1229 1053
1064 1230 1054
1230 1130 1054
1076 1141 1055
1055 1141 2291
1142 1077 1056
1146 1142 1056
1065 1098 1057
1057 1102 1067
1098 1102 1057
1099 1066 1058
1068 1103 1058
1103 1099 1058
1059 1151 1074
1151 1059 1131
1075 1152 1060
1152 1132 1060
1084 1120 1061
1120 1106 1061
1061 1106 2550
1085 1062 1121
2573 1121 1062
1171 1076 1063
1063 1229 1171
1077 1172 1064
1230 1064 1172
1104 1065 1069
1098 1065 1112
1112 1065 1104
1105 1070 1066
1113 1066 1099
1066 1113 1105
1090 1072 1067
1110 1090 1067
1110 1067 1102
1071 1091 1068
1091 1111 1068
1111 1103 1068
1095 1138 1069
1069 1108 1104
1069 1138 1108
1094 1073 1070
1107 1094 1070
1105 1107 1070
1083 1158 1071
1091 1071 1150
1071 1158 1150
1157 1082 1072
1149 1072 1090
1149 1157 1072
1118 1081 1073
1118 1073 1094
1114 1074 1151
1115 1152 1075
1076 1186 1141
1171 1186 1076
1187 1077 1142
1187 1172 1077
1086 1163 1078
1163 1116 1078
1164 1087 1079
1117 1164 1079
1080 1119 1095
2524 1080 1095
1119 1080 1135
1080 1126 1135
1136 1081 1118
1136 1127 1081
1124 1084 1082
1157 1124 1082
1083 1085 1125
1125 1158 1083
1120 1084 1147
1124 1147 1084
1121 1148 1085
1125 1085 1148
1203 1086 1128
1203 1163 1086
1204 1128 1087
1164 1204 1087
1088 1155 1100
1106 1155 1088
1106 1088 2550
1101 1156 1089
1101 1089 2443
1176 1089 1156
2573 1089 1176
1090 1110 1149
1150 1111 1091
1096 1092 1179
1169 1092 1100
1179 1092 1169
2393 1180 1093
1180 2544 1093
2544 2359 1093
2393 1093 2418
1107 1137 1094
1137 1118 1094
1119 1138 1095
1096 1177 1122
1179 1177 1096
1178 1097 1123
1178 1180 1097
1097 1180 2393
1098 1165 1102
1112 1183 1098
1183 1165 1098
1103 1166 1099
1184 1113 1099
1166 1184 1099
1155 1169 1100
1156 1101 2495
1170 1101 2359
2495 1101 1170
1102 1165 1110
1111 1159 1103
1159 1166 1103
1108 1139 1104
1133 1112 1104
1139 1133 1104
1140 1107 1105
1113 1134 1105
1134 1140 1105
1106 1120 1175
1175 1155 1106
1140 1137 1107
1138 1139 1108
1236 1220 1109
1220 1237 1109
1110 1173 1149
1110 1165 1160
1160 1173 1110
1150 1174 1111
1159 1111 1174
1112 1133 1194
1183 1112 1194
1134 1113 1195
1113 1184 1195
1114 1197 1126
1151 1197 1114
1115 1127 1198
1198 1152 1115
1188 1131 1116
1188 1116 1163
1132 1196 1117
1189 1164 1117
1196 1189 1117
1136 1118 1154
1168 1118 1137
1168 1154 1118
1135 1153 1119
1138 1119 1167
1167 1119 1153
1190 1120 1147
1190 1175 1120
1148 1121 1191
1176 1191 1121
1121 2573 1176
1246 1129 1122
1122 1177 1201
1201 1246 1122
1130 1247 1123
1123 1202 1178
1247 1202 1123
1161 1147 1124
1157 1161 1124
1148 1162 1125
1162 1158 1125
1126 1185 1135
1126 1197 1185
1127 1136 2649
1127 2649 1198
1319 1203 1128
1319 1128 1204
1246 1229 1129
1247 1130 1230
1151 1131 1205
1131 1188 2280
1131 2280 1205
1206 1132 1152
1206 1196 1132
1139 1181 1133
1181 1194 1133
1182 1140 1134
1182 1134 1195
1192 1153 1135
1135 1185 1192
1193 1136 1154
1136 1193 2649
1140 1168 1137
1139 1138 1167
1167 1218 1139
1218 1181 1139
1140 1219 1168
1182 1219 1140
1240 1145 1141
2291 1141 1145
1186 1256 1141
1256 1240 1141
1146 1241 1142
1257 1187 1142
1241 1257 1142
1145 1258 1143
1258 1236 1143
1259 1146 1144
1237 1259 1144
1145 1240 1258
1259 1241 1146
2636 1147 1161
1235 1190 1147
1147 1250 1235
1250 1147 2636
1251 1162 1148
1191 1234 1148
1234 1251 1148
1157 1149 2553
2553 1149 1173
1158 1225 1150
1225 1174 1150
1151 1248 1197
1205 1248 1151
1152 1198 1231
1231 1206 1152
1192 1167 1153
1168 1193 1154
1169 1155 1207
1155 1175 1207
1176 1156 1208
1208 1156 2325
2325 1156 2495
1157 1199 1161
1157 1254 1199
1244 1254 1157
2553 1244 1157
1162 1200 1158
1255 1158 1200
1245 1225 1158
1245 1158 1255
1215 1166 1159
1222 1159 1174
1222 1215 1159
1165 2689 1160
1221 1173 1160
1221 1160 2689
2636 1161 1199
1251 1200 1162
1213 1188 1163
1203 1211 1163
1211 1213 1163
1189 1214 1164
1212 1204 1164
1214 1212 1164
1183 1238 1165
1238 2523 1165
2523 2689 1165
1239 1184 1166
1215 1239 1166
1167 1192 1209
1209 1218 1167
1193 1168 1210
1168 1219 1210
1213 1179 1169
1216 1169 1207
1216 1213 1169
2325 1170 1217
2376 1217 1170
2325 2495 1170
2544 1170 2359
2376 1170 2544
1171 1287 1186
1171 1229 1287
1187 1288 1172
1288 1230 1172
1242 1173 1221
1242 1226 1173
1173 1226 2553
1174 1243 1222
1225 1243 1174
1190 1232 1175
1232 1207 1175
1191 1176 1233
1208 1233 1176
1179 1213 1177
1177 1211 1201
1211 1177 1213
1178 1214 1180
1212 1178 1202
1212 1214 1178
1214 2544 1180
1227 1194 1181
1218 1227 1181
1195 1228 1182
1219 1182 1228
1238 1183 1194
1184 1262 1195
1262 1184 1239
1185 1223 1192
1197 1223 1185
1273 1256 1186
1287 1273 1186
1274 1187 1257
1274 1288 1187
1213 1216 1188
1188 1216 2280
1214 1189 1196
1232 1190 1260
1235 1260 1190
1233 1261 1191
1191 1279 1234
1261 1279 1191
1192 1267 1209
1267 1192 1223
1210 1268 1193
1268 1224 1193
1224 2649 1193
1313 1194 1227
1194 2622 1238
1313 2622 1194
1195 1314 1228
1262 1314 1195
1206 1217 1196
1214 1196 2376
2376 1196 1217
1223 1197 1248
1198 1224 2552
1224 1198 2649
1249 1231 1198
1198 2552 1249
1271 1199 1254
1271 1263 1199
1263 2636 1199
1251 1264 1200
1200 1272 1255
1264 1272 1200
1211 1252 1201
1252 1246 1201
1253 1212 1202
1247 1253 1202
1211 1203 1252
1300 1252 1203
1315 1300 1203
1319 1315 1203
1212 1253 1204
1253 1301 1204
1301 1316 1204
1316 1319 1204
1216 1207 1205
1205 1207 1232
2280 1216 1205
1248 1205 1232
1208 1217 1206
1231 1208 1206
1208 2325 1217
1233 1208 1231
1281 1218 1209
1267 1281 1209
1219 1282 1210
1282 1268 1210
1214 2376 2544
1222 1266 1215
1280 1239 1215
1266 1280 1215
1352 1227 1218
1281 1352 1218
1219 1228 2630
2630 1282 1219
1236 1328 1220
1237 1220 1328
1265 1242 1221
2689 1265 1221
1243 1266 1222
1248 1276 1223
1267 1223 1292
1276 1292 1223
1268 1291 1224
1291 2552 1224
1270 1243 1225
1245 1270 1225
1269 1226 1242
1226 1269 1244
2553 1226 1244
1227 1358 1313
1352 1358 1227
1314 2603 1228
1228 2603 2630
1246 1324 1229
1320 1287 1229
1320 1229 1396
1229 1324 1396
1325 1247 1230
1230 1288 1321
1397 1230 1321
1325 1230 1397
1233 1231 1261
1261 1231 1249
1232 1260 1248
1234 1294 1251
1234 1279 1294
1250 1293 1235
1278 1260 1235
1278 1235 1293
1258 1346 1236
1342 1328 1236
1236 1346 1342
1347 1259 1237
1328 1343 1237
1347 1237 1343
1295 2523 1238
2622 1295 1238
2439 1262 1239
1280 2439 1239
1332 1240 1256
1340 1258 1240
1332 1340 1240
1333 1257 1241
1259 1341 1241
1341 1333 1241
1286 1242 1265
1286 1269 1242
1285 1266 1243
1270 1285 1243
1254 1244 1283
1269 1302 1244
1302 1283 1244
1255 1284 1245
1303 1270 1245
1284 1303 1245
1300 1246 1252
1300 1324 1246
1247 1301 1253
1301 1247 1325
1260 2706 1248
1248 2706 1276
1261 1249 2580
1275 1249 2552
1249 1275 2580
1290 1250 1263
1263 1250 2636
1250 1290 2490
1250 2490 1293
1264 1251 1289
1289 1251 1294
1283 1271 1254
1284 1255 1272
1273 1330 1256
1330 1332 1256
1331 1274 1257
1333 1331 1257
1340 1346 1258
1347 1341 1259
1260 1278 2706
2580 1279 1261
1354 1314 1262
2439 1354 1262
1309 1263 1271
1309 1290 1263
1264 1310 1272
1264 1289 1310
1286 1265 1277
2689 1277 1265
1306 1280 1266
1285 1306 1266
1281 1267 1298
1292 1298 1267
1282 1299 1268
1268 1299 1291
1286 1296 1269
1296 1311 1269
1269 1311 1302
1285 1270 1297
1312 1297 1270
1312 1270 1303
1304 1271 1283
1309 1271 1304
1272 1305 1284
1310 1305 1272
1376 1273 1287
1376 1330 1273
1377 1288 1274
1331 1377 1274
1275 1291 2302
1291 1275 2552
1322 1318 1275
1275 1318 2607
2302 1322 1275
1275 2607 2580
1323 1292 1276
1317 1323 1276
1276 2706 1317
1277 2719 1286
1385 1277 1373
2523 1373 1277
1277 1385 2719
2523 1277 2689
1293 1307 1278
2706 1278 1307
1279 1308 1294
1279 2607 1308
1279 2580 2607
1306 1372 1280
1429 1280 1372
1429 2439 1280
1298 1360 1281
1356 1352 1281
1360 1356 1281
1282 1361 1299
1361 1282 1357
1357 1282 2630
1283 1302 2424
2424 1304 1283
1305 1303 1284
1297 1367 1285
1367 1306 1285
2719 1296 1286
1320 1416 1287
1416 1376 1287
1417 1321 1288
1377 1417 1288
1339 1289 1294
1289 1326 1310
1289 1337 1326
1339 1337 1289
1290 1309 1327
1336 1290 1327
1290 1336 1338
1290 1338 2490
1299 1363 1291
1291 1363 2302
1362 1298 1292
1323 1362 1292
1307 1293 1351
2686 1351 1293
2686 1293 2490
1308 1350 1294
1375 1339 1294
1294 1350 1375
1313 1355 1295
2622 1313 1295
1355 2523 1295
1311 1296 1348
1348 1296 1366
1366 1296 2719
1312 1349 1297
1349 1367 1297
1362 1360 1298
1299 1361 1363
1315 1380 1300
1380 1324 1300
1316 1301 1381
1325 1381 1301
1311 1334 1302
1334 2424 1302
1335 1303 1305
1335 1312 1303
1344 1309 1304
2551 1344 1304
2424 2551 1304
1310 1345 1305
1345 1335 1305
1367 1384 1306
1384 1372 1306
1317 1307 1329
1317 2706 1307
1307 1351 1329
1308 1318 1393
2607 1318 1308
1393 1350 1308
1344 1327 1309
1326 1345 1310
1334 1311 1364
1364 1311 1348
1335 1365 1312
1349 1312 1365
1409 1355 1313
1358 1409 1313
1354 1408 1314
1408 1359 1314
1359 2603 1314
1418 1315 1319
1403 1380 1315
1418 1403 1315
1316 1418 1319
1381 1404 1316
1404 1418 1316
1323 1317 2616
1317 1329 1392
2616 1317 1392
1405 1318 1322
1393 1318 1405
1396 1416 1320
1417 1397 1321
1363 1322 2302
2690 1322 1363
2457 1405 1322
2457 1322 2690
2616 1362 1323
1324 1380 1396
1381 1325 1397
1326 1337 1370
1345 1326 1369
1369 1326 1370
1371 1336 1327
1327 1344 1368
1368 1371 1327
1342 1506 1328
1507 1343 1328
1506 1501 1328
1501 1507 1328
1414 1329 1351
1414 1392 1329
1455 1332 1330
1376 1447 1330
1447 1455 1330
1456 1331 1333
1377 1331 1448
1456 1448 1331
1493 1340 1332
1455 1493 1332
1341 1494 1333
1456 1333 1494
2730 1334 1364
1334 1378 2551
1378 1334 2730
2424 1334 2551
1335 1345 2515
1365 1335 1379
1335 2515 1379
2601 1338 1336
1371 1394 1336
2601 1336 1394
1339 1395 1337
1337 1395 1370
1338 2601 1374
2686 1338 1374
1338 2686 2490
1420 1339 1375
1339 1420 1395
1340 1530 1346
1493 1530 1340
1531 1341 1347
1531 1494 1341
1346 1532 1342
1532 1506 1342
1533 1347 1343
1507 1533 1343
1368 1344 2551
1345 1369 2515
1530 1532 1346
1533 1531 1347
1348 1386 1364
1366 1390 1348
1390 1386 1348
1387 1349 1365
1387 1367 1349
1398 1375 1350
1415 1350 1393
1350 1424 1398
1415 1424 1350
1423 1351 1374
1351 2686 1374
1423 1414 1351
1356 1425 1352
1425 1358 1352
1426 1357 1353
1357 2630 1353
1426 1353 1359
2603 1359 1353
1353 2630 2603
1450 1408 1354
1440 1354 1429
1429 1354 2439
1440 1450 1354
1355 1409 1449
1439 1430 1355
1430 2642 1355
1449 1439 1355
1355 2642 2523
1360 1401 1356
1401 1431 1356
1431 1425 1356
1361 1357 1402
1402 1357 1432
1426 1432 1357
1427 1409 1358
1425 1427 1358
1408 1428 1359
1428 1426 1359
1421 1360 1362
1401 1360 1421
1361 1422 1363
1402 1422 1361
1421 1362 1383
1383 1362 2616
1422 2690 1363
1386 2730 1364
1365 1379 1387
1366 1385 1390
1385 1366 2719
1384 1367 1391
1367 1387 1391
2589 1371 1368
2551 2589 1368
1370 1388 1369
1369 1388 2515
1388 1370 1407
1370 1395 1436
1407 1370 1436
1394 1371 2474
1371 2363 2474
2589 2363 1371
1384 1434 1372
1372 1476 1429
1434 1476 1372
1433 1385 1373
1430 1475 1373
2642 1430 1373
1373 1475 1433
2642 1373 2523
2599 1423 1374
2601 2599 1374
1398 1446 1375
1375 1446 1420
1416 1489 1376
1489 1447 1376
1490 1417 1377
1448 1490 1377
2551 1378 1389
1389 1378 2730
1379 1400 1387
1388 1400 1379
1388 1379 2515
1380 1453 1396
1403 1453 1380
1454 1381 1397
1454 1404 1381
1382 1412 2457
1412 1382 2564
2690 1382 2457
1382 2504 2564
2504 1382 2690
1413 1443 1383
1413 1383 2616
1421 1383 1441
1441 1383 1443
1391 1411 1384
1411 1459 1384
1459 1434 1384
1410 1390 1385
1460 1410 1385
1433 1460 1385
1390 1399 1386
1386 1399 2730
1391 1387 1400
2653 1400 1388
2653 1388 1407
1389 1406 2363
1389 2501 1406
1389 2363 2589
2501 1389 2730
2589 2551 1389
2239 1399 1390
1410 2239 1390
1391 1400 2653
1411 1391 2707
2707 1391 2653
1392 1477 1413
2616 1392 1413
1481 1392 1414
1481 1477 1392
2717 1393 1405
2717 1415 1393
2474 1419 1394
1419 2601 1394
1395 1420 2301
1395 2301 1436
1502 1416 1396
1453 1502 1396
1503 1397 1417
1503 1454 1397
1424 1463 1398
1398 1468 1446
1468 1398 1463
2239 2501 1399
2501 2730 1399
1401 1421 1465
1465 1431 1401
1422 1402 1466
1466 1402 1432
1403 1418 1495
1495 1453 1403
1496 1418 1404
1454 1496 1404
1412 2445 1405
1405 2457 1412
1405 2445 1478
1405 1478 2717
1406 1410 1451
1410 1406 2239
1406 1471 1435
2363 1406 1435
1451 2695 1406
2695 1471 1406
2501 2239 1406
2733 1407 1436
1407 2707 2653
2707 1407 2733
1408 1462 1428
1450 1438 1408
1438 1462 1408
1427 1461 1409
1437 1449 1409
1461 1437 1409
1460 1451 1410
1452 1459 1411
1452 1411 2707
1412 2564 2445
1457 1443 1413
1479 1457 1413
1477 1479 1413
1464 1414 1423
1464 1481 1414
1415 1482 1424
2717 1482 1415
1502 1489 1416
1490 1503 1417
1544 1495 1418
1496 1544 1418
1419 1435 1471
2474 1435 1419
1419 1518 1445
1445 2599 1419
1471 1518 1419
2601 1419 2599
1446 2301 1420
1441 1465 1421
1442 1422 1466
2504 1422 1442
2690 1422 2504
1445 1467 1423
2599 1445 1423
1467 1464 1423
1482 1463 1424
1427 1425 1469
1431 1469 1425
1428 1470 1426
1470 1432 1426
1427 1469 1461
1462 1470 1428
1474 1440 1429
1476 1474 1429
1439 1473 1430
1473 1475 1430
1465 1469 1431
1470 1466 1432
1484 1460 1433
1475 1484 1433
1459 1483 1434
1483 1476 1434
2474 2363 1435
1436 2301 1472
1472 2733 1436
1485 1449 1437
1461 1485 1437
1438 1450 1486
1486 1462 1438
1439 1449 1520
1439 1528 1473
1520 1540 1439
1528 1439 1540
1450 1440 1521
1529 1440 1474
1541 1521 1440
1440 1529 1541
1487 1441 1443
1465 1441 1504
1504 1441 1487
1442 2476 1444
2504 1442 1444
1466 2476 1442
1457 1487 1443
1444 2476 1458
2564 1444 1458
2564 2504 1444
1518 1467 1445
1468 1519 1446
1519 2301 1446
1565 1455 1447
1447 1489 1563
1563 1565 1447
1456 1566 1448
1490 1448 1564
1564 1448 1566
1485 1499 1449
1449 1499 1522
1449 1522 1520
1450 1500 1486
1500 1450 1523
1450 1521 1523
1491 1451 1460
1491 2695 1451
1459 1452 1492
2733 1492 1452
2707 2733 1452
1495 1545 1453
1545 1502 1453
1546 1496 1454
1503 1546 1454
1455 1573 1493
1565 1573 1455
1574 1456 1494
1574 1566 1456
1479 1510 1457
1457 1514 1487
1457 1510 1514
1458 1511 1480
1458 1480 2445
1458 1488 1515
2476 1488 1458
1511 1458 1515
2564 1458 2445
1483 1459 1492
1491 1460 1484
1469 1512 1461
1485 1461 1512
1462 1513 1470
1486 1513 1462
1519 1468 1463
1482 1535 1463
1517 1527 1463
1517 1463 1535
1527 1519 1463
1516 1464 1467
1534 1481 1464
1516 1534 1464
1465 2669 1469
1465 1504 2669
1470 1513 1466
1513 1505 1466
1505 2476 1466
1516 1467 1526
1518 1526 1467
2669 1512 1469
2695 1518 1471
1472 1519 1492
1472 1492 2733
1519 1472 2301
1509 1475 1473
1473 1528 1509
1476 1508 1474
1529 1474 1508
1497 1484 1475
1536 1497 1475
1509 1536 1475
1483 1498 1476
1498 1537 1476
1537 1508 1476
1477 1551 1479
1477 1481 1551
1552 1478 1480
2445 1480 1478
1552 1482 1478
1482 2717 1478
1479 1542 1510
1542 1479 1551
1480 1511 1543
1552 1480 1543
1534 1547 1481
1547 1551 1481
1548 1535 1482
1552 1548 1482
1492 1539 1483
1539 1498 1483
1538 1491 1484
1497 1538 1484
1499 1485 1524
1524 1485 1512
1525 1486 1500
1525 1513 1486
2710 1504 1487
1514 2710 1487
1488 2476 1505
1488 1505 2711
1515 1488 2711
1502 1557 1489
1575 1489 1557
1563 1489 1575
1558 1503 1490
1490 1576 1558
1490 1564 1576
1538 1518 1491
1491 1518 2695
1539 1492 1519
1577 1530 1493
1573 1577 1493
1531 1578 1494
1578 1574 1494
1544 1559 1495
1559 1545 1495
1560 1544 1496
1546 1560 1496
1536 1538 1497
1537 1498 1539
1499 2703 1522
2703 1499 1524
2701 1500 1523
2701 1525 1500
1506 1567 1501
1568 1507 1501
1567 1569 1501
1569 1568 1501
1561 1502 1545
1561 1557 1502
1503 1562 1546
1558 1562 1503
1504 1512 2669
1512 1504 2710
1505 1513 2711
1532 1570 1506
1570 1567 1506
1507 1571 1533
1568 1571 1507
1517 1508 1537
1517 2620 1508
1554 1529 1508
2620 1554 1508
1528 1553 1509
1509 2715 1536
1553 2592 1509
2592 2715 1509
1514 1510 2680
1510 1542 2680
1511 1515 2678
1543 1511 2678
2710 1524 1512
2711 1513 1525
1514 2703 1524
1514 1524 2710
2703 1514 2680
2701 1515 1525
1515 2711 1525
1515 2701 2678
2729 1516 1526
1534 1516 2592
2592 1516 2715
2715 1516 2729
1527 1517 1537
1517 1535 2620
1518 2729 1526
1538 2729 1518
1527 1539 1519
1549 1520 1522
1540 1520 1555
1549 1555 1520
1550 1523 1521
1556 1521 1541
1556 1550 1521
2680 1549 1522
2703 2680 1522
1523 1550 2678
2678 2701 1523
1527 1537 1539
1553 1528 1540
1529 1554 1541
1579 1532 1530
1577 1579 1530
1533 1580 1531
1580 1578 1531
1532 1579 1570
1571 1580 1533
1547 1534 2592
1535 1548 2620
1536 2729 1538
1536 2715 2729
1555 1553 1540
1554 1556 1541
1555 1549 1542
1542 1549 2680
1542 1551 1555
1550 1556 1543
1543 2678 1550
1552 1543 1556
1572 1559 1544
1560 1572 1544
1559 1561 1545
1560 1546 1562
1547 2628 1551
1547 2592 1553
2628 1547 1553
1552 1554 1548
2620 1548 1554
1555 1551 2628
1556 1554 1552
1555 2628 1553
1557 1561 1583
1583 1575 1557
1562 1558 1584
1576 1584 1558
1559 1581 1561
1572 1581 1559
1582 1560 1562
1560 1582 1572
1594 1561 1581
1583 1561 1594
1562 1595 1582
1584 1595 1562
2288 1565 1563
1575 2288 1563
1566 2300 1564
2300 1576 1564
1565 2315 1573
2315 1565 2288
2313 1566 1574
1566 2313 2300
1586 1569 1567
1570 1586 1567
1569 1587 1568
2317 1571 1568
1587 2317 1568
1569 1586 1585
1569 1585 1587
1588 1570 1579
1570 1588 1586
1589 1580 1571
2317 1589 1571
1598 1581 1572
1582 1598 1572
2316 1577 1573
2315 1592 1573
1573 1592 2316
1593 1574 1578
1593 1602 1574
1602 2313 1574
1575 1583 2263
2303 1575 2263
1575 2303 2288
1584 1576 2264
1576 2318 2264
2318 1576 2300
2309 1579 1577
1590 2309 1577
2316 1590 1577
1580 1591 1578
1591 1593 1578
2405 1588 1579
2309 1596 1579
1596 2405 1579
1589 2404 1580
1597 1591 1580
2404 1597 1580
1598 1594 1581
1595 1598 1582
2395 1583 1594
1583 2494 2263
2395 2494 1583
1595 1584 2396
2486 1584 2264
2396 1584 2486
1586 1605 1585
1605 1587 1585
1588 2510 1586
1622 1605 1586
1616 1622 1586
2510 1616 1586
1605 1623 1587
1623 1617 1587
1617 2509 1587
2509 2317 1587
2470 1603 1588
2510 1588 1603
2405 2470 1588
1604 2469 1589
2509 1604 1589
1589 2317 2509
2469 2404 1589
1592 1612 1590
2316 1592 1590
1590 1596 2309
2453 1596 1590
1612 1614 1590
1614 2453 1590
2621 1593 1591
1597 2265 1591
2265 1615 1591
1591 1615 2621
1601 1620 1592
2315 1601 1592
1620 1612 1592
1621 1602 1593
1621 1593 1613
1593 2621 1613
1594 1598 2322
1594 2322 1639
2395 1594 1639
2343 1598 1595
2343 1595 1640
1595 2396 1640
1596 1606 2405
1596 2659 1606
2659 1596 2453
1607 1597 2404
1607 2489 1597
1597 2451 2265
2489 2451 1597
2322 1598 1645
1598 2343 1645
1628 1601 1599
1599 1601 2315
1599 1608 1628
1608 1599 2288
1599 2315 2288
1602 1629 1600
1602 1600 2313
1629 1609 1600
1600 1609 2300
2313 1600 2300
1628 1620 1601
1621 1629 1602
1610 1603 2266
1610 2351 1603
1603 2441 2266
2351 2510 1603
2441 1603 2470
1604 1665 1611
2473 1604 1611
1635 1665 1604
1635 1604 2509
1604 2513 2469
2513 1604 2473
1622 1742 1605
1742 1623 1605
1618 2266 1606
1606 2571 1618
2441 1606 2266
2405 1606 2470
1606 2441 2470
2598 2571 1606
2659 2598 1606
2473 1619 1607
1607 1619 2547
1633 2489 1607
2547 1633 1607
1607 2404 2469
2513 1607 2469
1607 2513 2473
1624 1641 1608
2263 1624 1608
1637 1628 1608
1641 1637 1608
1608 2303 2263
2303 1608 2288
1642 1625 1609
1625 2264 1609
1629 1638 1609
1638 1642 1609
2318 1609 2264
1609 2318 2300
1643 1664 1610
2319 1643 1610
1610 1664 2351
2319 1610 2266
1665 1644 1611
1611 1644 2660
2660 2473 1611
1612 1671 1614
1620 1646 1612
1671 1612 1646
1615 1672 1613
2621 1615 1613
1647 1621 1613
1613 1672 1647
2311 1626 1614
1626 2453 1614
1671 2311 1614
1627 1672 1615
1627 1615 2265
2652 1622 1616
1634 1616 2510
1634 2652 1616
1623 1727 1617
1741 1635 1617
1617 1635 2509
1727 1741 1617
2585 1662 1618
1662 2691 1618
1618 2319 2266
2691 2319 1618
2571 2585 1618
1619 1663 1636
1619 1636 2547
1619 2434 1663
2660 2434 1619
2473 2660 1619
1628 1650 1620
1650 1646 1620
1651 1629 1621
1647 1651 1621
1726 1742 1622
1726 1622 2652
2344 1727 1623
1742 2344 1623
1641 1624 1639
1639 1624 2395
2494 1624 2263
2395 1624 2494
1625 1642 1640
1640 2396 1625
1625 2486 2264
2396 2486 1625
1626 1648 1630
2659 1626 1630
2311 1648 1626
1626 2659 2453
1649 1627 1631
1627 2451 1631
1627 1649 1672
2451 1627 2265
1628 1637 1656
1628 1656 1650
1657 1638 1629
1657 1629 1651
1648 1655 1630
1655 2666 1630
1630 2666 2659
1633 1631 2489
1633 2665 1631
1654 1649 1631
1654 1631 2665
2489 1631 2451
1652 1668 1632
1652 1632 2666
1658 1632 1668
1632 1658 2571
2598 1632 2571
2659 1632 2598
2666 1632 2659
1636 1659 1633
1633 2547 1636
1653 1633 1669
1653 2665 1633
1633 1659 1669
1766 1634 1664
1664 1634 2351
1766 1740 1634
1634 1740 2652
1634 2510 2351
1635 1767 1665
1741 1767 1635
1659 1636 1670
1636 1663 1670
1637 1641 1702
1637 1677 1656
1677 1637 1702
1642 1638 1703
1678 1638 1657
1703 1638 1678
1679 1641 1639
2611 1679 1639
2322 2654 1639
2611 1639 2654
1642 1680 1640
1739 1640 1680
1739 2477 1640
2477 2343 1640
1679 1702 1641
1703 1680 1642
2319 1660 1643
1660 2725 1643
1643 1710 1664
1710 1643 1712
1643 2725 1712
1661 1644 1687
1661 2434 1644
1711 1644 1665
1687 1644 1713
1644 1711 1713
2434 2660 1644
1739 1645 2477
1645 1739 2611
2654 2322 1645
1645 2343 2477
2611 2654 1645
1650 1716 1646
1737 1671 1646
1737 1646 1716
1651 1647 1717
1672 1738 1647
1717 1647 1738
1655 1648 1692
1683 1692 1648
2311 1683 1648
1654 1693 1649
1649 2732 1672
1649 1693 2732
1656 1724 1650
1724 1716 1650
1725 1657 1651
1717 1725 1651
1655 1681 1652
1652 2666 1655
1668 1652 1684
1681 1684 1652
1682 1654 1653
1654 2665 1653
1653 1669 1685
1685 1682 1653
1682 1693 1654
1681 1655 1692
1677 1731 1656
1731 1724 1656
1732 1678 1657
1725 1732 1657
1658 1668 1690
1690 1704 1658
2577 1658 1704
2571 1658 2585
2585 1658 2577
1669 1659 1691
1705 1659 1670
1705 1691 1659
1662 2631 1660
2691 1662 1660
2574 1686 1660
1660 1686 2725
1696 2574 1660
2631 1696 1660
1660 2319 2691
1697 1663 1661
1661 1663 2434
1697 1661 1687
2568 1694 1662
2629 1662 1694
1662 2577 2568
1662 2585 2577
2629 2631 1662
1663 1695 1670
1663 2702 1695
1729 1663 1697
1663 1729 2702
1710 1779 1664
1766 1664 1779
1711 1665 1778
1767 1778 1665
1673 1675 1666
1684 1673 1666
1666 1675 1698
1706 1684 1666
1698 1706 1666
1674 1667 1676
1685 1667 1674
1667 2268 1676
1685 1707 1667
1667 1707 2268
1668 1684 1690
1685 1669 1691
1670 1695 1705
1683 1671 1757
1671 1683 2311
1737 1743 1671
1743 1757 1671
1738 1672 1744
1744 1672 1758
2732 1758 1672
1675 1673 1745
1684 1688 1673
1688 1745 1673
1676 1746 1674
1689 1685 1674
1746 1689 1674
1675 1700 1698
1675 1749 1700
1745 1774 1675
1774 1749 1675
1699 1701 1676
1676 2268 1699
1750 1676 1701
1775 1746 1676
1775 1676 1750
1731 1677 1702
1732 1703 1678
1679 1722 1702
2606 1722 1679
2612 2606 1679
1679 2611 2612
1723 1680 1703
1723 2643 1680
2663 1739 1680
2643 2663 1680
1684 1681 1692
1685 1693 1682
1757 1692 1683
1688 1684 1692
1690 1684 1706
1685 1689 1693
1691 1707 1685
1686 2574 1720
2725 1686 1720
1697 1687 2273
1721 1687 1713
1721 2273 1687
1688 1692 2269
1745 1688 2269
2271 1693 1689
1746 2271 1689
1704 1690 1706
1705 1707 1691
1757 1733 1692
2270 1692 1733
1692 2270 2269
2272 1734 1693
1734 2732 1693
2272 1693 2271
1694 1704 1714
1704 1694 2568
1708 1694 1714
1708 2629 1694
1695 1715 1705
1695 1709 1715
2702 1709 1695
1696 1728 1718
1696 1718 2574
1696 2631 1728
1697 1719 1756
1697 2273 1719
1729 1697 1756
1700 2714 1698
1714 1706 1698
1698 1708 1714
2714 1708 1698
1701 1699 1736
1709 1699 1715
1699 1709 1736
1699 2268 1715
2267 1735 1700
1700 1735 2714
1749 2267 1700
1765 1701 1736
1765 1750 1701
1702 1722 1795
1731 1702 1795
1723 1703 1796
1703 1732 1796
1704 1706 1714
2568 2577 1704
1707 1705 1715
2268 1707 1715
2714 2629 1708
1729 1730 1709
2702 1729 1709
1736 1709 1730
1712 1768 1710
1710 1768 1779
1769 1713 1711
1711 1778 1769
1747 1712 1720
2725 1720 1712
1747 1761 1712
1768 1712 1761
1748 1721 1713
1713 1760 1748
1769 1760 1713
1770 1716 1724
1782 1737 1716
1770 1782 1716
1725 1717 1771
1738 1783 1717
1771 1717 1783
1718 1753 1720
2574 1718 1720
1728 1755 1718
1755 1753 1718
1754 1719 1721
1719 2273 1721
1754 1756 1719
1720 1753 1747
1754 1721 1748
1795 1722 1803
2606 1803 1722
1796 1804 1723
1804 2643 1723
1731 1770 1724
1771 1732 1725
1740 1824 1726
1740 1726 2652
1842 1742 1726
1824 1842 1726
1825 1741 1727
2344 1825 1727
2714 1755 1728
2629 1728 2631
1728 2629 2714
1729 1756 1730
1730 1763 1736
1730 1756 1763
1840 1770 1731
1731 1795 1836
1840 1731 1836
1771 1841 1732
1796 1732 1837
1732 1841 1837
1807 1751 1733
1751 2270 1733
1780 1733 1757
1780 1807 1733
1734 1752 1808
2272 1752 1734
1734 1781 1758
1734 1758 2732
1808 1781 1734
1788 1762 1735
1735 1762 2340
1764 1788 1735
2267 1764 1735
1735 2340 2714
1736 1763 1789
1765 1736 1789
1786 1743 1737
1782 1786 1737
1744 1787 1738
1783 1738 1787
1739 1759 2612
1759 1739 2663
2612 2611 1739
1740 1766 1819
1740 1819 1824
1820 1767 1741
1825 1820 1741
1842 1862 1742
1742 1862 1843
1742 1843 2344
1757 1743 1801
1786 1801 1743
1744 1758 1823
1802 1787 1744
1802 1744 1823
1751 1774 1745
1751 1745 2270
2270 1745 2269
1793 1752 1746
1752 2272 1746
1793 1746 1775
1746 2272 2271
1772 1747 1753
1772 1761 1747
1773 1754 1748
1760 1773 1748
1764 1749 1790
1749 1764 2267
1749 1774 1790
1750 1765 1791
1775 1750 1791
1751 1792 1774
1792 1751 2637
1751 1807 2637
1793 2614 1752
1752 2614 1808
1755 1784 1753
1784 1772 1753
1756 1754 1785
1773 1785 1754
1755 2340 1784
2340 1755 2714
1763 1756 1785
1822 1780 1757
1801 1822 1757
1823 1758 1781
1804 1794 1759
1794 2606 1759
1804 1759 2643
1759 2606 2612
2643 1759 2663
1769 1777 1760
1777 1773 1760
1776 1768 1761
1772 1776 1761
1762 1799 1784
2340 1762 1784
1788 1799 1762
1763 1785 1800
1763 1800 1789
1809 1788 1764
1809 1764 1790
1789 1810 1765
1791 1765 1810
1813 1766 1779
1813 1819 1766
1778 1767 2567
1820 1814 1767
1814 2567 1767
1776 1806 1768
1806 1779 1768
1805 1777 1769
1778 1805 1769
1770 1834 1782
1840 1834 1770
1783 1835 1771
1835 1841 1771
1797 1776 1772
1784 1799 1772
1799 1797 1772
1777 1798 1773
1785 1773 1800
1798 1800 1773
1792 1790 1774
1791 1793 1775
1797 1806 1776
1805 1798 1777
1816 1805 1778
2567 1816 1778
1815 1779 1806
1815 1813 1779
2487 1807 1780
1822 1857 1780
1857 2487 1780
1808 1891 1781
1891 1823 1781
1782 1834 1786
1787 1835 1783
1786 1860 1801
1834 1845 1786
1786 1845 1860
1802 1861 1787
1787 1846 1835
1787 1861 1846
1799 1788 1817
1809 1811 1788
1788 1811 1817
1789 1800 1818
1810 1789 1812
1812 1789 1818
1792 1809 1790
2464 1793 1791
1810 2464 1791
1809 1792 1826
1792 2637 1826
2464 1827 1793
1793 1827 2614
1821 1803 1794
1794 1803 2606
1804 1821 1794
1849 1795 1803
1836 1795 1847
1847 1795 1849
1796 1850 1804
1796 1837 1848
1796 1848 1850
1799 1806 1797
1800 1798 1805
1806 1799 1817
1805 1818 1800
1860 1822 1801
1823 1861 1802
1821 1849 1803
1850 1821 1804
1816 1818 1805
1817 1815 1806
1855 1807 2487
2637 1807 1855
1856 2505 1808
1808 2614 1856
1808 2505 1891
1838 1811 1809
1826 1867 1809
1867 1838 1809
1839 1810 1812
1827 1810 1868
1810 1827 2464
1839 1868 1810
1811 1830 1817
1832 1830 1811
1838 1832 1811
1831 1812 1818
1831 1833 1812
1833 1839 1812
1815 1832 1813
1819 1813 1838
1832 1838 1813
1816 1814 1833
1814 1816 2567
1839 1814 1820
1833 1814 1839
1830 1815 1817
1830 1832 1815
1816 1831 1818
1831 1816 1833
1819 1884 1824
1869 1819 1838
1869 1884 1819
1885 1820 1825
1820 1870 1839
1885 1870 1820
1858 1849 1821
1850 1858 1821
1878 1857 1822
1878 1822 1860
1879 1861 1823
1891 1879 1823
1884 1842 1824
1843 1885 1825
1843 1825 2344
1826 1855 1867
2637 1855 1826
1868 1856 1827
2614 1827 1856
1844 1828 1859
1844 2549 1828
1851 1859 1828
2549 1851 1828
1829 1844 1859
1829 2548 1844
1852 1829 1859
1852 2548 1829
1882 1834 1840
1834 1882 1845
1883 1841 1835
1887 1835 1846
1887 1883 1835
1880 1840 1836
1847 1880 1836
1841 2518 1837
1881 1848 1837
2518 1881 1837
1867 1869 1838
1870 1868 1839
1880 1899 1840
1899 1882 1840
1841 1883 2518
1892 1862 1842
1884 1892 1842
1862 2346 1843
2346 1885 1843
2548 1901 1844
1901 2549 1844
1886 1860 1845
1915 1845 1882
1886 1845 1915
1861 1887 1846
1849 1876 1847
1847 1876 1895
1895 1880 1847
1877 1850 1848
1877 1848 1896
1896 1848 1881
1858 1865 1849
1865 1876 1849
1858 1850 1866
1877 1866 1850
1853 1859 1851
1853 1851 1863
1863 1851 1874
1874 1851 2372
2372 1851 2549
1854 1852 1859
1854 1864 1852
1864 1875 1852
1852 1875 2645
2548 1852 2645
1859 1853 2597
1863 2247 1853
2597 1853 2247
1854 1859 2241
1864 1854 2570
1854 2241 2570
1902 1867 1855
1855 1925 1902
2487 1925 1855
1856 1868 1903
1926 1856 1903
1926 2505 1856
1878 1890 1857
1890 1906 1857
2487 1857 1906
1858 1873 1865
1866 1873 1858
1859 1929 2241
1929 1859 2597
1886 1878 1860
1879 2411 1861
2411 1887 1861
1892 2346 1862
1871 1863 1874
1871 2247 1863
1872 1875 1864
2570 1872 1864
1873 1893 1865
1876 1865 1897
1865 1893 1897
1894 1873 1866
1877 1898 1866
1894 1866 1898
1909 1869 1867
1902 1909 1867
1910 1868 1870
1910 1903 1868
1909 1884 1869
2386 1870 1885
2386 1910 1870
1874 1888 1871
1888 2244 1871
2243 1871 1921
2244 1921 1871
2243 2247 1871
1889 1875 1872
2514 1889 1872
2245 1872 2570
1872 2245 2625
2246 2514 1872
2625 2246 1872
2602 1893 1873
1894 2602 1873
1923 1888 1874
1923 1874 1919
1919 1874 2372
1889 2647 1875
2645 1875 2579
2579 1875 2647
1895 1876 1897
1896 1898 1877
1913 1878 1886
1913 1890 1878
1891 1914 1879
1914 2411 1879
1880 1895 2243
2243 1899 1880
2245 1896 1881
1900 2245 1881
1881 2518 1900
1882 1899 1904
1904 1915 1882
1887 1916 1883
1916 1905 1883
2518 1883 1905
2419 1892 1884
1909 2419 1884
2346 2386 1885
1940 1913 1886
1915 1932 1886
1940 1886 1932
1916 1887 1933
1941 1933 1887
1887 2411 1941
1923 2274 1888
2244 1888 2275
2275 1888 2274
2514 2647 1889
1890 1930 1906
1913 1930 1890
1931 1891 1907
1907 1891 2505
1931 1914 1891
1892 2410 2346
2435 2410 1892
2525 1892 2419
2525 2435 1892
1897 1893 1917
2602 1908 1893
2626 1893 1908
1893 2626 1917
1894 1898 1918
1894 2539 1908
1894 1908 2602
1918 2539 1894
1895 1897 2712
2278 2243 1895
2278 1895 2712
1898 1896 1928
1928 1896 2279
2245 2279 1896
1927 1897 1917
2712 1897 1927
1918 1898 1928
1904 1899 2281
1899 2243 1921
1899 1921 2281
1900 1905 2282
1900 2518 1905
2245 1900 1922
1900 2282 1922
2556 1950 1901
1950 2576 1901
2581 1901 2548
1901 2576 2549
2581 2556 1901
1961 1909 1902
1925 2657 1902
2657 1961 1902
2632 1903 1910
2591 1926 1903
1982 2591 1903
2632 1982 1903
1915 1904 2516
2281 1938 1904
1904 1938 2516
1916 2355 1905
1939 2282 1905
1939 1905 2542
2355 2542 1905
1906 1945 1925
1925 2487 1906
1906 1930 1934
1934 1945 1906
1926 1935 1907
2505 1926 1907
1935 1931 1907
1944 1936 1908
1936 2626 1908
1937 1944 1908
2539 1937 1908
1909 1961 2419
2386 2632 1910
1959 1911 1983
1959 2458 1911
1911 2251 1983
1911 2247 2278
1911 2458 2247
2651 2251 1911
2278 2651 1911
1929 1947 1912
1929 1912 2241
1947 1960 1912
1960 1984 1912
1912 1984 2252
2248 2241 1912
2248 1912 2249
2249 1912 2252
1940 1930 1913
1931 1956 1914
1956 1941 1914
1941 2411 1914
1932 1915 1957
1915 2488 1957
2488 1915 2516
1933 1958 1916
1958 2355 1916
1927 1917 1948
1917 1942 1948
1942 1917 2626
2679 1918 1928
1943 1918 1949
2539 1918 1943
1918 2679 1949
1923 1919 1965
2534 1965 1919
2576 1919 2372
2534 1919 2576
1924 1966 1920
1920 2579 1924
1966 2556 1920
2581 1920 2556
2579 1920 2645
1920 2581 2645
1921 2244 2281
2625 2245 1922
1922 2282 2625
1923 1975 1952
2274 1923 1952
1965 1975 1923
1976 1924 1951
2276 1951 1924
1976 1966 1924
2276 1924 2647
1924 2579 2647
1945 2657 1925
1946 1935 1926
2591 1946 1926
2627 1927 1948
2627 2503 1927
2503 2720 1927
2720 2712 1927
1928 2279 2249
1928 2249 2679
1947 1929 2458
1929 2597 2458
1930 1955 1934
1940 1955 1930
1935 1956 1931
1940 1932 1977
1977 1932 1957
1941 1978 1933
1978 1958 1933
1934 1972 1945
1955 1954 1934
1954 1972 1934
1935 1946 2704
2704 1956 1935
1942 1936 1993
1936 1942 2626
1973 1936 1944
1973 1993 1936
1994 1937 1943
2539 1943 1937
1974 1944 1937
1994 1974 1937
1938 1967 1969
1938 2285 1967
1989 1938 1969
2516 1938 1989
2281 2284 1938
2284 2285 1938
1968 1939 1970
2286 1939 1968
1939 1990 1970
1939 2542 1990
2286 2282 1939
1940 1988 1955
1940 1977 1988
2609 1941 1956
2609 1978 1941
1995 1948 1942
1993 1995 1942
1949 1996 1943
1996 1994 1943
1987 1973 1944
1974 1987 1944
1972 1981 1945
1981 2657 1945
1992 1971 1946
1971 2704 1946
1982 1992 1946
1982 1946 2591
1959 2008 1947
1959 1947 2458
2498 1960 1947
2008 2498 1947
1948 1995 1963
2627 1948 1963
1996 1949 1964
1949 2679 1964
2522 2497 1950
1950 2497 2534
2556 2522 1950
1950 2534 2576
1951 2721 1976
1951 2276 2286
2537 1951 2286
2721 1951 2537
2731 1952 1975
2485 2274 1952
2485 1952 2731
1957 2488 1953
2676 1957 1953
1999 2016 1953
2516 1999 1953
2016 2676 1953
1953 2488 2516
1986 1954 1955
1954 1979 1972
1986 1979 1954
1955 1988 1986
2609 1956 1985
2704 1985 1956
2676 1977 1957
2057 1958 1978
2017 2000 1958
1958 2000 2542
2017 1958 2057
1958 2542 2355
1959 1983 2022
2008 1959 2042
1959 2022 2042
1984 1960 2563
2498 2563 1960
1981 2003 1961
1961 2657 1981
2032 1997 1961
1961 1997 2419
2003 2032 1961
1982 1962 2004
1962 1982 2632
2033 1962 1998
1998 1962 2632
2033 2004 1962
2009 1963 1995
1963 2009 2031
1963 2031 2018
2018 2251 1963
2251 2627 1963
1996 1964 2010
2030 2010 1964
2708 2030 1964
2679 2252 1964
2708 1964 2252
2650 1975 1965
2497 1965 2534
2497 2650 1965
1976 2671 1966
2097 2467 1966
2671 2097 1966
1966 2467 2556
1967 2007 1969
1967 2012 2007
2012 1967 2536
2285 2536 1967
2006 1968 1970
2006 2013 1968
1968 2013 2537
2537 2286 1968
2007 1989 1969
1990 2006 1970
1992 1980 1971
1971 1980 2704
1991 1972 1979
1981 1972 1991
1973 1987 2036
1993 1973 2036
2037 1987 1974
1974 1994 2037
2075 2529 1975
2075 1975 2650
2731 1975 2529
2530 2076 1976
2076 2671 1976
1976 2721 2530
1977 2028 1988
2056 2028 1977
2056 1977 2676
2029 2057 1978
2609 2029 1978
2734 1979 1986
2728 1991 1979
2728 1979 2499
2499 1979 2734
1980 1992 2287
1980 2001 2039
2001 1980 2287
2039 2704 1980
2024 1981 1991
2003 1981 2024
1992 1982 2025
1982 2004 2025
2018 2022 1983
2251 2018 1983
2023 2019 1984
1984 2019 2708
2023 1984 2563
1984 2708 2252
2021 1985 2039
1985 2021 2609
2039 1985 2704
1988 2020 1986
2020 2038 1986
2038 2734 1986
2036 1987 2046
2037 2046 1987
2020 1988 2028
1989 1999 2516
1989 2726 1999
2007 2687 1989
2687 2726 1989
1990 2542 2000
1990 2000 2664
2006 1990 2664
2024 1991 2728
2287 1992 2025
1993 2674 1995
2674 1993 2036
2041 1994 1996
1994 2041 2037
2009 1995 2674
1996 2010 2041
2064 2014 1997
1997 2014 2525
2032 2064 1997
1997 2525 2419
2015 2065 1998
2015 1998 2410
2065 2033 1998
2410 1998 2386
2386 1998 2632
2086 2016 1999
1999 2072 2086
2072 1999 2726
2087 2000 2017
2073 2000 2087
2664 2000 2073
2034 2039 2001
2001 2583 2034
2287 2724 2001
2001 2561 2583
2716 2561 2001
2724 2716 2001
2038 2502 2002
2002 2734 2038
2432 2002 2502
2002 2432 2735
2499 2734 2002
2735 2499 2002
2032 2003 2024
2004 2033 2025
2077 2005 2014
2014 2005 2435
2005 2078 2015
2005 2015 2410
2077 2079 2005
2079 2078 2005
2005 2410 2435
2058 2013 2006
2058 2006 2664
2736 2007 2012
2007 2736 2687
2008 2042 2051
2498 2008 2051
2009 2555 2031
2674 2555 2009
2041 2010 2030
2011 2582 2026
2011 2026 2728
2011 2728 2499
2011 2499 2735
2582 2011 2735
2059 2012 2062
2059 2736 2012
2529 2062 2012
2536 2529 2012
2058 2063 2013
2063 2537 2013
2064 2077 2014
2014 2435 2525
2078 2065 2015
2056 2016 2106
2016 2056 2676
2106 2016 2086
2057 2107 2017
2017 2107 2087
2584 2022 2018
2031 2584 2018
2023 2052 2019
2071 2030 2019
2019 2030 2708
2052 2071 2019
2028 2054 2020
2050 2038 2020
2050 2020 2054
2029 2021 2055
2021 2029 2609
2055 2021 2039
2053 2042 2022
2053 2022 2584
2043 2052 2023
2023 2563 2043
2582 2024 2026
2026 2024 2728
2024 2066 2032
2582 2066 2024
2025 2027 2287
2025 2618 2027
2033 2618 2025
2716 2287 2027
2618 2561 2027
2561 2716 2027
2054 2028 2483
2056 2082 2028
2028 2082 2483
2055 2083 2029
2029 2083 2057
2041 2030 2071
2555 2584 2031
2066 2064 2032
2065 2067 2033
2033 2067 2618
2049 2039 2034
2048 2061 2034
2048 2034 2545
2061 2049 2034
2034 2583 2545
2060 2047 2035
2035 2047 2506
2035 2050 2060
2050 2035 2502
2502 2035 2432
2506 2432 2035
2709 2036 2046
2036 2068 2674
2709 2068 2036
2041 2069 2037
2046 2037 2289
2037 2069 2289
2050 2502 2038
2055 2039 2049
2067 2081 2040
2067 2040 2618
2081 2561 2040
2618 2040 2561
2041 2085 2069
2071 2085 2041
2557 2051 2042
2042 2053 2557
2051 2043 2498
2051 2575 2043
2052 2043 2575
2498 2043 2563
2095 2044 2047
2047 2044 2506
2092 2080 2044
2582 2044 2080
2095 2092 2044
2044 2582 2506
2045 2093 2048
2045 2048 2545
2081 2093 2045
2081 2045 2561
2045 2545 2561
2289 2091 2046
2091 2709 2046
2060 2095 2047
2094 2061 2048
2093 2094 2048
2049 2090 2055
2061 2290 2049
2049 2290 2090
2050 2054 2483
2050 2108 2060
2483 2108 2050
2074 2051 2557
2074 2575 2051
2071 2052 2085
2085 2052 2575
2053 2070 2557
2070 2053 2584
2083 2055 2090
2124 2082 2056
2106 2124 2056
2083 2123 2057
2123 2107 2057
2058 2101 2063
2073 2058 2664
2073 2684 2058
2058 2110 2101
2125 2110 2058
2684 2125 2058
2100 2059 2062
2072 2059 2641
2059 2072 2687
2109 2059 2100
2109 2126 2059
2126 2641 2059
2736 2059 2687
2095 2060 2112
2112 2060 2108
2094 2111 2061
2061 2111 2290
2075 2100 2062
2529 2075 2062
2101 2076 2063
2063 2076 2530
2530 2537 2063
2066 2088 2064
2077 2064 2088
2089 2067 2065
2065 2078 2089
2080 2088 2066
2066 2582 2080
2089 2081 2067
2084 2070 2068
2070 2590 2068
2709 2084 2068
2590 2674 2068
2069 2085 2289
2070 2084 2557
2555 2070 2584
2590 2070 2555
2072 2116 2086
2641 2116 2072
2687 2072 2726
2117 2073 2087
2117 2684 2073
2084 2091 2074
2084 2074 2557
2085 2074 2091
2074 2085 2575
2075 2096 2104
2075 2650 2096
2075 2104 2100
2097 2076 2105
2671 2076 2097
2101 2105 2076
2099 2079 2077
2088 2099 2077
2079 2098 2078
2078 2098 2089
2079 2099 2098
2088 2080 2092
2089 2093 2081
2124 2150 2082
2150 2483 2082
2090 2115 2083
2123 2083 2115
2091 2084 2709
2085 2091 2289
2106 2086 2132
2116 2132 2086
2107 2133 2087
2133 2117 2087
2102 2088 2092
2099 2088 2102
2089 2103 2093
2098 2103 2089
2290 2115 2090
2095 2102 2092
2103 2094 2093
2103 2128 2094
2128 2111 2094
2127 2102 2095
2127 2095 2112
2104 2096 2140
2096 2122 2118
2694 2096 2118
2122 2096 2522
2694 2140 2096
2096 2497 2522
2096 2650 2497
2141 2097 2105
2141 2119 2097
2119 2640 2097
2640 2467 2097
2099 2114 2098
2098 2114 2103
2099 2102 2113
2114 2099 2113
2100 2104 2253
2109 2100 2253
2105 2101 2254
2101 2110 2254
2113 2102 2127
2103 2114 2128
2253 2104 2140
2141 2105 2254
2147 2124 2106
2147 2106 2132
2123 2148 2107
2148 2133 2107
2139 2112 2108
2483 2139 2108
2129 2126 2109
2253 2129 2109
2125 2131 2110
2131 2254 2110
2111 2128 2163
2111 2163 2138
2290 2111 2138
2112 2162 2127
2162 2112 2139
2114 2113 2144
2142 2113 2127
2113 2142 2144
2143 2128 2114
2144 2143 2114
2123 2115 2149
2138 2149 2115
2290 2138 2115
2121 2134 2116
2121 2116 2641
2134 2132 2116
2120 2117 2135
2117 2120 2684
2133 2135 2117
2136 2118 2122
2136 2151 2118
2151 2694 2118
2137 2122 2119
2122 2640 2119
2152 2137 2119
2141 2693 2119
2693 2152 2119
2130 2125 2120
2684 2120 2125
2135 2130 2120
2126 2129 2121
2121 2641 2126
2129 2134 2121
2157 2136 2122
2137 2157 2122
2640 2122 2522
2123 2149 2148
2150 2124 2147
2130 2131 2125
2162 2142 2127
2128 2143 2163
2158 2134 2129
2155 2129 2145
2129 2253 2145
2155 2158 2129
2130 2146 2131
2135 2159 2130
2130 2156 2146
2130 2159 2156
2254 2131 2146
2153 2132 2134
2147 2132 2153
2133 2154 2135
2154 2133 2148
2158 2153 2134
2154 2159 2135
2151 2136 2157
2152 2397 2137
2397 2157 2137
2138 2478 2149
2163 2171 2138
2138 2171 2478
2150 2139 2483
2150 2532 2139
2139 2170 2162
2532 2170 2139
2145 2253 2140
2140 2294 2145
2723 2294 2140
2694 2723 2140
2254 2146 2141
2722 2141 2146
2693 2141 2722
2179 2144 2142
2162 2177 2142
2142 2177 2179
2143 2144 2179
2143 2178 2163
2179 2178 2143
2145 2538 2155
2538 2145 2294
2565 2146 2156
2565 2722 2146
2147 2161 2150
2167 2147 2153
2161 2147 2167
2160 2148 2149
2148 2166 2154
2166 2148 2160
2478 2160 2149
2161 2532 2150
2151 2157 2595
2168 2151 2595
2151 2168 2694
2152 2169 2560
2169 2152 2693
2152 2713 2397
2152 2560 2594
2152 2594 2713
2153 2158 2164
2167 2153 2164
2165 2159 2154
2166 2165 2154
2158 2155 2500
2500 2155 2168
2168 2155 2566
2566 2155 2538
2159 2428 2156
2428 2169 2156
2169 2565 2156
2595 2157 2174
2713 2174 2157
2397 2713 2157
2158 2500 2164
2165 2428 2159
2682 2166 2160
2682 2160 2478
2167 2675 2161
2161 2675 2532
2186 2162 2170
2186 2177 2162
2163 2187 2171
2187 2163 2178
2167 2164 2357
2175 2357 2164
2500 2175 2164
2165 2166 2326
2326 2535 2165
2428 2165 2535
2166 2528 2326
2528 2166 2527
2527 2166 2682
2357 2188 2167
2167 2188 2675
2172 2175 2168
2172 2168 2595
2168 2175 2500
2465 2168 2566
2168 2465 2723
2694 2168 2723
2173 2169 2176
2173 2479 2169
2169 2428 2176
2479 2560 2169
2169 2722 2565
2169 2693 2722
2208 2186 2170
2170 2192 2208
2532 2192 2170
2171 2187 2207
2171 2207 2193
2193 2478 2171
2175 2172 2183
2183 2172 2407
2172 2595 2407
2176 2180 2173
2173 2180 2718
2594 2479 2173
2718 2594 2173
2407 2595 2174
2672 2407 2174
2713 2594 2174
2594 2718 2174
2174 2718 2672
2194 2175 2183
2194 2357 2175
2533 2180 2176
2533 2176 2326
2176 2535 2326
2428 2535 2176
2200 2179 2177
2186 2200 2177
2201 2178 2179
2201 2187 2178
2200 2204 2179
2204 2201 2179
2195 2199 2180
2195 2180 2533
2199 2203 2180
2203 2672 2180
2180 2672 2718
2194 2181 2196
2194 2198 2181
2196 2181 2198
2182 2195 2197
2195 2182 2199
2197 2203 2182
2199 2182 2203
2202 2194 2183
2202 2183 2407
2188 2184 2190
2194 2184 2188
2206 2190 2184
2184 2194 2196
2206 2184 2196
2185 2189 2191
2195 2189 2185
2191 2205 2185
2195 2185 2197
2185 2205 2197
2208 2200 2186
2201 2207 2187
2675 2188 2190
2188 2357 2194
2191 2189 2527
2189 2195 2533
2528 2189 2326
2189 2533 2326
2189 2528 2527
2209 2192 2190
2675 2190 2192
2209 2190 2206
2193 2471 2191
2682 2193 2191
2471 2205 2191
2191 2527 2682
2208 2192 2209
2532 2675 2192
2207 2471 2193
2193 2682 2478
2194 2202 2198
2196 2198 2491
2491 2206 2196
2212 2203 2197
2197 2205 2216
2212 2197 2216
2491 2198 2202
2200 2213 2204
2200 2208 2213
2204 2214 2201
2214 2207 2201
2203 2211 2202
2203 2202 2672
2491 2202 2211
2672 2202 2407
2203 2220 2211
2212 2220 2203
2213 2217 2204
2217 2214 2204
2205 2471 2210
2569 2205 2210
2205 2569 2216
2206 2218 2209
2218 2206 2215
2215 2206 2491
2207 2210 2471
2569 2210 2207
2207 2214 2222
2569 2207 2222
2213 2208 2209
2213 2209 2221
2221 2209 2218
2218 2215 2211
2215 2491 2211
2220 2218 2211
2212 2216 2219
2219 2220 2212
2217 2213 2221
2222 2214 2217
2216 2569 2219
2221 2223 2217
2222 2217 2223
2220 2223 2218
2223 2221 2218
2220 2219 2223
2222 2223 2219
2569 2222 2219
2570 2241 2248
2243 2278 2247
2281 2244 2275
2245 2248 2279
2570 2248 2245
2277 2246 2282
2514 2246 2277
2282 2246 2625
2458 2597 2247
2279 2248 2249
2679 2249 2252
2251 2503 2627
2251 2651 2503
2275 2274 2284
2485 2284 2274
2284 2281 2275
2276 2277 2286
2277 2276 2514
2276 2647 2514
2282 2286 2277
2651 2278 2720
2278 2712 2720
2285 2284 2485
2285 2485 2536
2716 2724 2287
2294 2465 2538
2465 2294 2723
2306 2369 2299
2299 2399 2306
2331 2399 2299
2306 2323 2347
2306 2383 2323
2306 2347 2369
2438 2383 2306
2399 2438 2306
2358 2320 2308
2456 2308 2320
2456 2353 2308
2353 2482 2308
2482 2358 2308
2310 2400 2455
2324 2320 2341
2388 2320 2324
2341 2320 2358
2475 2320 2388
2475 2456 2320
2383 2332 2323
2332 2414 2323
2342 2388 2324
2409 2342 2324
2331 2345 2399
2332 2389 2337
2332 2337 2414
2375 2402 2334
2389 2354 2337
2354 2481 2337
2373 2349 2338
2348 2342 2409
2425 2342 2348
2342 2596 2388
2617 2342 2425
2617 2596 2342
2410 2386 2346
2356 2425 2348
2353 2384 2482
2354 2371 2512
2354 2512 2481
2371 2356 2512
2356 2617 2425
2382 2531 2364
2364 2406 2429
2364 2531 2430
2403 2365 2380
2365 2431 2381
2380 2448 2366
2429 2367 2447
2549 2576 2372
2484 2454 2400
2634 2400 2454
2442 2417 2401
2735 2432 2506
2465 2566 2538
2556 2467 2522
2467 2640 2522
2479 2594 2560
2536 2485 2731
2503 2651 2720
2582 2735 2506
2517 2727 2559
2529 2536 2731
2537 2530 2721
2543 2688 2705
2545 2583 2561
2645 2581 2548
2674 2590 2555
2705 2688 2559
2727 2705 2559
2696 2644 2578
2700 2635 2600
2727 2673 2705