-1.19018996 -0.00003467 0.21630600
-1.18519998 0.00065702 0.20005000
-1.18297994 -0.00003467 0.22909200
-1.18141997 -0.01346790 0.19893800
-1.17986000 0.01432070 0.19880199
-1.18000996 -0.01760370 0.21700400
-1.17943001 0.01716330 0.21788600
-1.17908001 -0.00961425 0.22986899
-1.17858005 0.00975696 0.22980499
-1.16929996 0.00029419 0.18306100
-1.16219997 -0.00003467 0.23671700
-1.15497994 -0.01817220 0.17833000
-1.15497994 0.01810280 0.17833000
-1.15473998 -0.02921610 0.19661801
-1.15473998 0.02914680 0.19661801
-1.14550996 -0.02294170 0.22494100
-1.14839005 0.02155810 0.22642501
-1.13407004 -0.00003467 0.16579300
-1.12493002 -0.00003467 0.23539200
-1.12091005 -0.02429790 0.17190100
-1.12085998 0.02422140 0.17186500
-1.11491001 -0.03281420 0.19710900
-1.11491001 0.03274490 0.19710900
-1.10219002 -0.02074240 0.22130799
-1.10101998 0.02144490 0.22074500
-1.08756006 -0.00003467 0.16575100
-1.07832003 -0.02316480 0.17722800
-1.07763004 0.02358820 0.17754000
-1.07571995 -0.03105730 0.19776800
-1.07625997 0.03130710 0.19855499
-1.07240999 -0.00003467 0.23162501
-1.07130003 -0.02515210 0.21775900
-1.06707001 0.02538240 0.21798301
-1.04882002 -0.00003467 0.23236600
-1.05172002 -0.02385620 0.18597700
-1.05057001 0.02366340 0.18613701
-1.04743004 -0.02919050 0.20379700
-1.04754996 0.02942780 0.20433199
-1.05096996 -0.00003467 0.17403699
-1.05001998 -0.02199360 0.22624600
-1.05001998 0.02192430 0.22624600
-1.01935005 -0.02040430 0.19046800
-1.01935005 0.02033490 0.19046800
-1.01425004 -0.00003467 0.18412299
-1.01418996 -0.00003467 0.23528901
-1.01357996 -0.02802340 0.20448001
-1.01315999 0.02846770 0.20542800
-1.00968003 -0.02432070 0.22327700
-0.99874300 0.02453230 0.22180700
-0.98734897 -0.02185080 0.17634501
-0.98734897 0.02178150 0.17634501
-0.97139502 -0.03040550 0.19828101
-0.96899402 0.03080380 0.19683300
-0.97315902 -0.00003467 0.16255599
-0.97684699 0.00055088 0.23291300
-0.94107503 -0.02314290 0.21589801
-0.94410598 0.02325660 0.21614499
-0.92880398 -0.02479990 0.16984700
-0.92880398 0.02473060 0.16984700
-0.91588300 -0.03318420 0.19177499
-0.91546500 0.03255660 0.19286101
-0.90932000 -0.00003467 0.15667900
-0.90680999 0.00034265 0.22230300
-0.88445801 -0.02249710 0.21132900
-0.89037800 0.02227810 0.21183801
-0.86352700 -0.02364370 0.16570400
-0.85694200 0.02345780 0.16528600
-0.82316500 -0.03209660 0.18629000
-0.81311601 0.03204820 0.18604800
-0.79602802 -0.00003467 0.15141401
-0.80251002 -0.02224160 0.20998099
-0.80023301 0.02216960 0.20993300
-0.76892400 -0.00003467 0.22200100
-0.75154901 -0.02457940 0.15869200
-0.75577903 0.02463890 0.15904599
-0.71731597 -0.03285770 0.18128499
-0.71411997 0.03290830 0.18144099
-0.69786799 -0.00003467 0.14655501
-0.69396597 -0.02329250 0.20624299
-0.69396597 0.02322310 0.20624299
-0.66449499 -0.00003467 0.21665899
-0.65438598 -0.02358140 0.15152401
-0.65028203 0.02392050 0.15137100
-0.62255597 -0.03529480 0.17169701
-0.62137097 0.03537410 0.17367101
-0.61404097 -0.02620460 0.20154200
-0.61334503 0.02683990 0.20097500
-0.61600798 -0.00003467 0.13587300
-0.60789102 -0.00003467 0.21655899
-0.51731497 -0.00131101 0.19330899
-0.52848601 -0.00022795 0.13590799
-0.50586498 -0.02534120 0.18091699
-0.50672698 0.02465320 0.18183200
-0.51846099 -0.03503840 0.16953699
-0.51508200 0.03609110 0.16601400
-0.50890499 -0.03692430 0.14560600
-0.51261598 0.03648860 0.14574800
-0.48669499 -0.00003467 0.13349700
-0.48381400 -0.02515130 0.17612500
-0.48282200 0.02398490 0.17682600
-0.48534200 -0.03749440 0.16124000
-0.48335299 0.03757240 0.16147400
-0.48324800 -0.03628230 0.14017500
-0.48324800 0.03621290 0.14017500
-0.48162699 -0.00003467 0.18541300
-0.47038901 -0.00003467 0.11272800
-0.46515501 -0.03124550 0.17974199
-0.46517000 0.03105550 0.17993100
-0.46442500 -0.00084143 0.19187100
-0.46415499 -0.04806940 0.12264200
-0.46415499 0.04800010 0.12264200
-0.46129701 -0.04947840 0.15409900
-0.46261501 0.04820100 0.15368700
-0.45874000 -0.04370920 0.08117320
-0.45874000 0.04363990 0.08117320
-0.44705099 -0.08062650 0.05297090
-0.44687501 0.08058670 0.05236280
-0.44754499 -0.02945130 0.19452401
-0.44754499 0.02938190 0.19452401
-0.44482699 0.00099142 0.20588601
-0.45299199 -0.00110476 0.08054820
-0.44599801 -0.08606530 0.08447240
-0.44606301 0.08577130 0.08326960
-0.44446000 -0.08680510 0.11173700
-0.44460899 0.08520080 0.11465100
-0.44366100 -0.03578230 0.05314590
-0.44365099 0.03647460 0.05301770
-0.43819299 -0.06200930 -0.23485200
-0.43822601 0.06178460 -0.23610100
-0.43798801 -0.08251010 0.14700000
-0.43795899 0.08232840 0.14736900
-0.43709001 -0.06467860 -0.21754301
-0.43764099 0.06399060 -0.21931100
-0.43744501 -0.08150900 -0.23802499
-0.43736300 0.08150320 -0.23778300
-0.43597400 -0.08236130 0.01465390
-0.43453199 0.08331060 0.01200350
-0.43699101 -0.06221160 -0.25230500
-0.43639100 0.06195810 -0.25387001
-0.43721101 -0.05396900 0.18261001
-0.43575600 0.05821720 0.17972700
-0.43457100 0.00240910 0.04919800
-0.42909199 -0.08233970 -0.26477200
-0.43219000 0.08157990 -0.25674701
-0.42974201 -0.08719410 -0.21728300
-0.43023100 0.08612790 -0.21663800
-0.43005899 -0.07246110 -0.19511500
-0.43036199 0.07216700 -0.19594200
-0.42819801 -0.06232040 -0.28189099
-0.42978999 0.06336510 -0.27781400
-0.42901799 -0.03826610 0.02310050
-0.42901799 0.03819670 0.02310050
-0.42609200 -0.04847290 -0.25996500
-0.42522100 0.04818080 -0.26130500
-0.42615601 -0.04725590 -0.24427700
-0.42611501 0.04701990 -0.24590200
-0.42443800 -0.07932510 -0.29258600
-0.42361099 0.08166340 -0.28836799
-0.42430100 -0.06469650 -0.30952701
-0.42401999 0.06470940 -0.31122401
-0.42172000 -0.04826990 -0.22529000
-0.42135900 0.04768640 -0.22580600
-0.42034900 -0.08400980 -0.31576100
-0.42121801 0.08289640 -0.31582901
-0.42040500 0.04822530 -0.27653801
-0.41913700 -0.08025300 -0.16398500
-0.41905901 0.08057430 -0.16663700
-0.41945001 -0.08265820 0.17220300
-0.41903701 0.08258150 0.17262200
-0.41683000 -0.08263360 -0.05002740
-0.41675201 0.08327660 -0.05094510
-0.41782200 -0.06220810 -0.33550099
-0.41674200 -0.08407110 -0.34261400
-0.41623700 0.08465770 -0.34403500
-0.41394401 -0.05113360 -0.20272601
-0.41542900 0.05062430 -0.20753200
-0.41369799 0.09992630 -0.24539000
-0.41316599 -0.09532120 -0.20067599
-0.41208699 0.09513420 -0.19637500
-0.41160801 -0.04571950 -0.30535001
-0.41198400 0.04622440 -0.31044301
-0.41126901 -0.08673300 -0.36786500
-0.41126901 0.08666370 -0.36786500
-0.41040200 -0.05956340 -0.36129099
-0.41260901 0.06119050 -0.35666099
-0.41014501 -0.00003467 0.22562900
-0.40874201 -0.00003467 0.02329190
-0.40926701 -0.08429380 -0.12231000
-0.40926701 0.08422440 -0.12231000
-0.40913099 -0.12021100 0.05938840
-0.40736499 0.12076700 0.05782020
-0.40675801 -0.10355400 -0.23193300
-0.40402901 0.10510900 -0.22884800
-0.40792099 -0.03796590 0.21486799
-0.40640101 0.04327720 0.21319801
-0.40641800 -0.11644600 0.01091600
-0.40801001 0.11594400 0.01749450
-0.40711501 -0.10381200 -0.25490201
-0.40429401 0.10462300 -0.26106501
-0.40671000 -0.06784120 -0.38159701
-0.40638801 0.06932910 -0.38237900
-0.40525699 -0.09094860 -0.38405100
-0.40675500 0.08936430 -0.38039199
-0.40710801 -0.10026300 -0.28351200
-0.40562901 0.10188800 -0.28242999
-0.40522999 -0.05441540 -0.17291100
-0.40642300 0.05362910 -0.17761201
-0.40518799 -0.03719460 -0.24382600
-0.40575901 0.03771420 -0.24189100
-0.40384299 -0.10381300 -0.31737599
-0.40224600 0.10488000 -0.31565699
-0.40187800 -0.04970930 -0.04894910
-0.40211901 0.04942900 -0.04710680
-0.39918101 -0.10445200 -0.38648599
-0.39894199 0.10470100 -0.38652501
-0.39955100 -0.12179700 0.09336510
-0.40130299 0.12150000 0.09224870
-0.39757499 -0.09937050 -0.16025700
-0.39826801 0.09888660 -0.15915801
-0.39902601 -0.03475010 -0.26156500
-0.40048400 0.03542370 -0.26119700
-0.40052199 -0.07549300 0.19810100
-0.40052199 0.07542360 0.19810100
-0.40142301 -0.08237310 -0.39490899
-0.40140101 0.08220520 -0.39497200
-0.39979899 -0.04130290 -0.34471500
-0.40027899 0.04143370 -0.34340501
-0.39955100 -0.11608900 0.12621900
-0.39787099 0.11653000 0.12560999
-0.40092701 -0.05701080 -0.38365701
-0.39989501 -0.10692500 -0.34637100
-0.40008101 0.10647900 -0.34788901
-0.39871600 -0.06582630 -0.39596900
-0.39818799 0.06674450 -0.39764801
-0.39825299 -0.10882900 -0.36724800
-0.39817101 0.10880400 -0.37132099
-0.39679399 -0.11598500 -0.04305330
-0.39679399 0.11591500 -0.04305330
-0.39767799 0.09936680 -0.39739299
-0.39689901 -0.10118200 -0.39846900
-0.39459199 -0.07977900 -0.40517399
-0.39387101 0.07610270 -0.40556800
-0.39414200 -0.04416870 -0.38086599
-0.39489800 0.04420210 -0.37804401
-0.39421999 -0.03485590 -0.28310299
-0.39341500 0.03414970 -0.28086001
-0.39348000 -0.03494720 -0.23152301
-0.39318001 0.03516380 -0.22954300
-0.39245701 -0.05373400 -0.39718801
-0.39151400 0.05243380 -0.39722499
-0.39239901 -0.05809610 -0.12345600
-0.39326099 0.05898210 -0.12421500
-0.39383599 -0.10645000 0.15854700
-0.39347699 0.10696700 0.15770701
-0.39092299 -0.09416230 0.18353701
-0.39092299 0.09409300 0.18353701
-0.38866201 -0.11578800 -0.39768100
-0.39121899 0.11261100 -0.39727300
-0.38796201 -0.11421900 -0.21142900
-0.38809499 0.11413700 -0.21179900
-0.38829300 -0.11009000 -0.11366300
-0.38829300 0.11002000 -0.11366300
-0.38921100 -0.10468000 -0.40885401
-0.38829899 0.10652400 -0.40957800
-0.38402399 -0.08201610 -0.41417399
-0.38520399 0.08570160 -0.41385400
-0.38613099 -0.06741320 -0.41051099
-0.38690200 0.06722190 -0.41004601
-0.38847700 -0.11831300 -0.38645199
-0.38601199 -0.11644400 -0.24799301
-0.38640401 0.11649300 -0.24651600
-0.38357401 -0.11319700 -0.29006800
-0.38344201 0.11329400 -0.28635401
-0.38250700 -0.03362680 -0.31686899
-0.38287199 0.03358590 -0.31587899
-0.38286099 -0.03414500 -0.21320400
-0.37979901 0.03471450 -0.20758399
-0.38116100 -0.05403090 -0.40961000
-0.38189000 -0.04226800 -0.39935401
-0.38374501 0.04189650 -0.39565000
-0.38177699 -0.11845800 -0.41107601
-0.38068601 0.11924600 -0.41213000
-0.37984899 -0.11573700 -0.26322901
-0.38171801 0.11533000 -0.26899400
-0.38223001 -0.03459190 -0.38114601
-0.38058701 0.03396490 -0.38359499
-0.37748101 0.10812300 -0.41840601
-0.37858000 -0.10744300 -0.41790599
-0.37743399 -0.09607650 -0.41910201
-0.37700999 0.09590180 -0.41932899
-0.37757000 -0.11463200 -0.31996000
-0.37746701 0.11440400 -0.31768700
-0.37713400 -0.01226870 0.00039623
-0.37713400 0.01219930 0.00039623
-0.37594101 -0.11855200 -0.23513500
-0.37627801 0.11847700 -0.23541699
-0.38246799 -0.00003467 0.00940052
-0.36997399 -0.04087120 -0.41023600
-0.37624601 0.04658940 -0.40966401
-0.37402099 -0.11963300 -0.35251501
-0.37279400 0.11894500 -0.35179499
-0.37282899 -0.03016770 -0.24734300
-0.37282899 0.03009830 -0.24734300
-0.37086901 -0.03301740 -0.34505200
-0.37334400 0.03298770 -0.34345099
-0.37155101 -0.03263700 -0.39785999
-0.37141800 0.03257160 -0.39831901
-0.37180299 -0.13270600 -0.40723500
-0.37329099 0.13142700 -0.40638801
-0.37044001 0.12596400 -0.41957501
-0.37077001 -0.12494900 -0.41980401
-0.36925501 -0.11847700 -0.17630000
-0.37033701 0.11822100 -0.17768100
-0.36899301 -0.12632200 -0.37512901
-0.36983600 0.12696999 -0.37643400
-0.37130800 0.07870900 -0.42096001
-0.37028101 -0.07327330 -0.42096299
-0.36666700 -0.13449501 -0.39185300
-0.36673501 0.13416700 -0.39128000
-0.36684099 -0.10762100 -0.42412999
-0.36432600 0.10993300 -0.42450401
-0.36584401 -0.03350740 -0.26633099
-0.36695999 0.03331830 -0.26592401
-0.36437100 -0.05506140 -0.41923401
-0.36327100 0.06121850 -0.42119199
-0.36267701 -0.03670020 -0.17957900
-0.36373201 0.03668920 -0.18258800
-0.35916901 -0.03252080 -0.41002601
-0.36336899 0.03413490 -0.40997601
-0.36326501 -0.03229730 -0.23485300
-0.36326501 0.03222790 -0.23485300
-0.36304700 -0.03640790 -0.28660300
-0.36323100 0.03640640 -0.28820300
-0.36184800 0.12528500 -0.42518100
-0.36138499 -0.12464900 -0.42532599
-0.35616601 0.08994250 -0.42709601
-0.35897800 -0.08877720 -0.42624900
-0.35840899 0.13793901 -0.42193300
-0.36201799 -0.13595399 -0.42091101
-0.36085701 -0.02986910 -0.36945301
-0.36059701 0.03057490 -0.36645299
-0.35987499 -0.14259200 -0.40691599
-0.35942501 0.14287800 -0.40663099
-0.36045799 -0.03334480 0.23659199
-0.35655299 0.03272980 0.23843101
-0.35562301 -0.02799180 -0.07080080
-0.35562301 0.02792250 -0.07080080
-0.35348901 -0.07177920 0.22358000
-0.35508099 0.07132230 0.22352600
-0.35845000 0.02742750 -0.38635701
-0.35314900 -0.11906500 -0.21546200
-0.35517401 0.11883300 -0.21558701
-0.35435399 -0.04559400 -0.42019901
-0.35508499 0.04569840 -0.42001501
-0.35390601 -0.11051600 -0.25173399
-0.35454500 0.11079300 -0.25388199
-0.35288399 -0.04175890 -0.31437701
-0.35463601 0.04047330 -0.31766000
-0.33979899 0.05650940 -0.42508700
-0.34199500 -0.06067740 -0.42558900
-0.35246599 -0.10542100 -0.28361699
-0.35358599 0.10613100 -0.29025400
-0.34916499 -0.13564700 -0.38050601
-0.35050401 0.13677500 -0.38205701
-0.35293400 -0.14492500 -0.41745901
-0.35112700 0.14582799 -0.41752899
-0.35090300 -0.10650600 -0.32145000
-0.35222900 0.10682300 -0.32069501
-0.34982800 -0.03598950 -0.14292300
-0.34982800 0.03592020 -0.14292300
-0.34952101 -0.14132901 0.00643886
-0.34952101 0.14126000 0.00643886
-0.34630799 -0.03950550 -0.34871000
-0.34909999 0.03809160 -0.34727401
-0.35074401 -0.02540780 -0.39968601
-0.35084599 0.02539410 -0.40021199
-0.34903800 0.03645080 -0.41805699
-0.34959701 -0.03508650 -0.41734299
-0.35112399 -0.11351800 -0.35415700
-0.35009199 0.11352300 -0.35520101
-0.34780699 -0.12683500 -0.13570599
-0.34971601 0.12623700 -0.13170400
-0.34738499 -0.10653700 -0.25823799
-0.34738499 0.10646700 -0.25823799
-0.34656101 -0.14657000 -0.39404401
-0.34987301 0.14461701 -0.39366999
-0.34885699 -0.03813210 -0.21594600
-0.34580699 0.03864000 -0.21270600
-0.34645301 -0.00003467 0.24563099
-0.34250000 0.13478699 -0.42948899
-0.34679300 -0.13153100 -0.42883000
-0.34427801 -0.14311799 -0.42646801
-0.34269699 0.14440100 -0.42596400
-0.34263101 -0.15177700 -0.40778700
-0.34397501 0.15116000 -0.40751901
-0.33412200 -0.12005200 -0.43017501
-0.33310300 0.12219900 -0.43074599
-0.34154600 0.02921020 -0.37627801
-0.34200200 -0.13514200 0.09640440
-0.34200200 0.13507301 0.09640440
-0.33949101 -0.02627670 -0.41250300
-0.34183601 0.02665460 -0.41297200
-0.34119499 -0.10000200 0.20137000
-0.34119499 0.09993230 0.20137000
-0.34160101 -0.10481900 -0.34471199
-0.34186500 0.10591700 -0.34861001
-0.34095401 -0.05174690 -0.27398801
-0.34068200 0.05112140 -0.26915300
-0.33595201 -0.08565650 -0.42864200
-0.33536500 0.08105100 -0.42846501
-0.33970001 -0.10664800 -0.24183001
-0.33921701 0.10688700 -0.23941000
-0.34006900 -0.04799450 -0.25435299
-0.33953300 0.04823260 -0.25422499
-0.33864599 -0.05593390 -0.29465801
-0.33931601 0.05521750 -0.29324800
-0.34253401 -0.12667701 0.13079800
-0.34287500 0.12567100 0.13423100
-0.33622900 -0.12350800 -0.37353900
-0.33754599 0.12291800 -0.37283501
-0.33922899 -0.13640000 -0.07284020
-0.33723599 0.13716200 -0.07295060
-0.34092700 -0.02631170 -0.38592800
-0.33701599 0.02526930 -0.38907501
-0.33911300 -0.11581600 0.16889299
-0.33383799 0.11684000 0.16795100
-0.33634299 0.15172701 -0.42247999
-0.33726099 -0.15139300 -0.42233101
-0.33501700 -0.09250390 -0.33542401
-0.33741301 0.09593320 -0.33617499
-0.33469301 -0.05803510 -0.32408199
-0.33551899 0.05869150 -0.31816399
-0.33800799 -0.14054200 0.05694650
-0.33356300 0.14063700 0.06019960
-0.33169001 -0.02292090 -0.40269801
-0.33249000 0.02274980 -0.40381101
-0.32969499 -0.13319901 -0.37851101
-0.33014399 0.13290800 -0.37836501
-0.32963201 -0.05250080 -0.23250701
-0.33249000 0.04994530 -0.23150900
-0.33284399 -0.08027770 -0.28904399
-0.33327600 0.08207650 -0.28978899
-0.33093399 0.03410720 -0.42110601
-0.32899901 -0.03311260 -0.42114699
-0.33200300 -0.08131760 -0.32212499
-0.33215100 0.08163880 -0.31825301
-0.33416799 -0.00003467 -0.01052790
-0.33352101 -0.13573900 -0.43080300
-0.32906601 -0.11079300 -0.36728701
-0.32771599 0.11047400 -0.36821499
-0.32984599 -0.03841810 -0.36761600
-0.32984599 0.03834870 -0.36761600
-0.32922399 -0.09827280 -0.35422301
-0.32989499 0.09828460 -0.35362700
-0.32944301 -0.12146900 -0.18595700
-0.32781899 0.12261200 -0.18006299
-0.32764599 -0.14706400 -0.38534999
-0.32898301 0.14679900 -0.38513899
-0.32871500 -0.08723190 -0.25609800
-0.32871500 0.08716260 -0.25609800
-0.31714499 -0.09229500 -0.43009201
-0.31538200 0.08651840 -0.42947999
-0.32816601 -0.07796420 -0.26465100
-0.32827500 0.07855480 -0.26621899
-0.32759699 -0.06036030 -0.34453499
-0.32851201 0.05867040 -0.34489200
-0.32607800 -0.15530001 -0.39975199
-0.32662401 0.15591800 -0.40092400
-0.32725200 0.14530900 -0.42911699
-0.32653299 -0.14653400 -0.42885801
-0.32489300 -0.08524250 -0.35020301
-0.32641700 0.08589460 -0.34654599
-0.32381400 -0.03138920 -0.37836400
-0.31630701 0.03302620 -0.37913299
-0.32650700 -0.04314060 -0.18676201
-0.32210299 0.04449720 -0.18288501
-0.32310101 -0.15463100 -0.42110500
-0.32424700 0.15480401 -0.42124999
-0.31970701 -0.10262300 -0.22142699
-0.32149199 0.10305900 -0.22185799
-0.32235301 -0.00957365 -0.01921040
-0.32132700 0.00927165 -0.01888870
-0.32219699 -0.02541260 -0.39141899
-0.32097101 0.02490900 -0.39273101
-0.31880000 -0.07734980 -0.35705599
-0.32090601 0.07709680 -0.35521400
-0.32000899 0.02485620 -0.41599000
-0.32000899 -0.02492560 -0.41599000
-0.31856301 -0.05803540 -0.21861400
-0.31595299 0.05877630 -0.21538401
-0.31796199 -0.07809190 -0.24280700
-0.31696299 0.07717330 -0.24157301
-0.31654200 -0.02296770 -0.40535301
-0.31693101 0.02278040 -0.40571800
-0.31572399 -0.06578140 -0.35808399
-0.31699201 0.06435630 -0.35689700
-0.31608900 -0.09810940 -0.36559901
-0.31608900 0.09804010 -0.36559901
-0.31748101 0.13876501 -0.43144000
-0.31578600 -0.13752100 -0.43166399
-0.31282300 -0.14619599 -0.42776501
-0.31483200 0.14762200 -0.42713299
-0.31206900 0.04803590 -0.42640701
-0.31420499 -0.04841270 -0.42609301
-0.31093901 -0.08319780 -0.36451700
-0.31015199 0.07815760 -0.36486501
-0.30888301 -0.05414370 -0.36925501
-0.31093401 0.05238350 -0.36884701
-0.31019199 -0.09061940 -0.36707300
-0.31019199 0.09055010 -0.36707300
-0.30401501 -0.04429570 -0.37332401
-0.30738100 0.04319340 -0.37279299
-0.31053001 -0.04038080 0.24612799
-0.31548101 0.03927820 0.24533799
-0.30887201 -0.13850699 -0.38288599
-0.30887201 0.13843800 -0.38288599
-0.30593300 -0.03057620 -0.08117360
-0.31116199 0.02924870 -0.07850520
-0.30744100 -0.06167820 -0.36611599
-0.30744100 0.06160890 -0.36611599
-0.30993599 0.10824700 -0.43265399
-0.31264800 -0.11089900 -0.43236601
-0.30872199 0.03385860 -0.42389601
-0.31018001 -0.03566860 -0.42425099
-0.30639100 -0.12554300 -0.43208399
-0.30748099 0.12620801 -0.43182600
-0.30285901 -0.08365320 -0.21179500
-0.30274701 0.08467570 -0.21095800
-0.30456999 -0.02758450 -0.39344600
-0.30347401 0.02731580 -0.39436400
-0.30651501 -0.14838600 -0.39804599
-0.30447200 0.14746800 -0.39724001
-0.30508801 -0.15081100 -0.41896600
-0.30436200 0.15056700 -0.41958100
-0.30449101 -0.07420260 0.23300000
-0.30603501 0.07558760 0.23205400
-0.30312300 -0.00003467 0.25469401
-0.30093500 -0.04458870 -0.15085299
-0.30017701 0.04417990 -0.14747199
-0.30044600 -0.14101399 -0.39386001
-0.30101299 0.13991700 -0.39231300
-0.29765999 -0.02685050 -0.40824199
-0.29948601 0.02590710 -0.40754399
-0.30004799 -0.13444100 -0.13423300
-0.30004799 0.13437100 -0.13423300
-0.29733700 -0.14004301 -0.42654601
-0.30046901 0.14169200 -0.42647800
-0.29837701 -0.02876200 -0.41955301
-0.29792801 0.02870650 -0.41881701
-0.29802400 -0.12793601 -0.37311399
-0.29802400 0.12786600 -0.37311399
-0.29621199 -0.14344400 -0.41209400
-0.29579100 0.14361200 -0.41034099
-0.29666600 -0.10897300 -0.18567400
-0.29556599 0.10818300 -0.18630500
-0.29396099 -0.11768700 -0.43317899
-0.29474801 0.11441900 -0.43376800
-0.29402101 -0.09846520 0.21290900
-0.28813401 0.09817220 0.21284500
-0.29377601 -0.06573030 -0.18793599
-0.29377601 0.06566100 -0.18793599
-0.29645300 -0.08204770 -0.43200901
-0.29358101 0.07969580 -0.43199000
-0.29729399 0.09653540 -0.43143901
-0.29883099 -0.10121700 -0.43211001
-0.29287601 -0.13189299 -0.43070701
-0.29400700 0.13195300 -0.43061301
-0.29256701 -0.03775910 -0.42517999
-0.29232901 0.03738710 -0.42510101
-0.29020900 -0.03871440 -0.38230699
-0.29105300 0.03923640 -0.38141501
-0.29066300 -0.05676860 -0.42901701
-0.28854799 0.05533460 -0.42893100
-0.28653601 -0.11161800 -0.37126601
-0.28649500 0.11234200 -0.37050301
-0.28775501 -0.00003467 -0.02408640
-0.28377500 -0.13904200 -0.42175400
-0.28377500 0.13897300 -0.42175400
-0.28423500 -0.10752900 -0.43183899
-0.28264099 0.11053400 -0.43194699
-0.28199500 0.12885900 -0.42860600
-0.28236699 -0.12683800 -0.42996800
-0.28241101 0.04324540 -0.42603299
-0.28317299 -0.04400510 -0.42629200
-0.28007400 -0.06574100 -0.42913201
-0.28118399 -0.13659100 -0.39438599
-0.28145099 0.13685501 -0.39362600
-0.28329900 -0.11376100 0.17901300
-0.27784401 0.11305800 0.17964201
-0.28099200 -0.06115630 -0.38291800
-0.28037000 0.05991760 -0.38447401
-0.28024599 -0.08751150 -0.17806900
-0.28024599 0.08744220 -0.17806900
-0.28235501 -0.12316100 0.14351401
-0.27975699 0.12332500 0.14257000
-0.27979299 -0.03800800 -0.39479899
-0.27955699 0.03730370 -0.39562300
-0.28071600 -0.05849260 -0.37706101
-0.27939901 0.05873470 -0.37750000
-0.28123200 0.09515300 -0.43146500
-0.27913499 -0.03629550 -0.41891399
-0.27755499 0.03746040 -0.41812399
-0.27733099 -0.08283960 -0.43172601
-0.27809301 0.08335770 -0.43192199
-0.27756399 -0.07440430 -0.37173301
-0.27699500 0.07399070 -0.37279600
-0.27452201 -0.13472600 0.09294980
-0.27946299 0.13504300 0.09539470
-0.27958399 0.06603130 -0.42912701
-0.27636999 -0.09238280 -0.37199599
-0.27718601 0.09324920 -0.37188199
-0.27620301 0.11765400 -0.42983201
-0.27623701 -0.11554900 -0.42969301
-0.27560499 -0.05290560 -0.42566001
-0.27391499 0.05530080 -0.42488900
-0.27353701 -0.10473300 -0.38651800
-0.27353701 0.10466400 -0.38651800
-0.27097800 -0.10407600 -0.42679900
-0.27068099 0.10352400 -0.42672801
-0.27068701 -0.14315800 -0.07481630
-0.27020901 0.14323100 -0.07384820
-0.27099001 0.09347930 -0.42993101
-0.26786700 -0.07487290 -0.42777801
-0.27004901 0.07723480 -0.42939299
-0.26779300 -0.06625650 -0.42126799
-0.26769599 0.06792600 -0.42316401
-0.26792201 -0.11557800 -0.39508000
-0.26896501 0.11532600 -0.39369801
-0.26784599 -0.14287899 0.04768040
-0.26784599 0.14280900 0.04768040
-0.26776901 -0.06222900 -0.41171801
-0.26681301 0.06281060 -0.41192400
-0.26757100 -0.05874040 -0.41997901
-0.26857501 0.05623120 -0.41847199
-0.26746300 -0.06760790 -0.13940400
-0.27109301 0.06597960 -0.14293100
-0.26719800 -0.11941300 -0.42119700
-0.26732001 0.11945100 -0.42073700
-0.26707199 -0.02510570 -0.02246760
-0.26750699 0.02441090 -0.02253090
-0.26625499 -0.10649900 -0.41319901
-0.26593199 0.10613100 -0.41220999
-0.26524901 -0.05873500 -0.39912000
-0.26548100 0.05808190 -0.39868400
-0.26318800 -0.11536100 -0.14086100
-0.26441699 0.11512700 -0.14307299
-0.26451501 0.08674440 -0.42798999
-0.26335099 -0.08521610 -0.42757100
-0.26237899 -0.09475510 -0.42218801
-0.26259300 0.09723580 -0.42085201
-0.25974399 -0.14555500 -0.00472519
-0.26037699 0.14545099 -0.00421993
-0.25954500 -0.07552120 -0.39341700
-0.25958899 0.07500250 -0.39245999
-0.25993100 -0.09638750 -0.39524201
-0.25934801 0.09594150 -0.39643800
-0.25851801 -0.07683250 -0.41855800
-0.25834301 0.07699430 -0.42002201
-0.25748199 -0.03617180 0.25238800
-0.25748199 0.03610240 0.25238800
-0.25440800 0.00096831 0.25793299
-0.25554001 -0.04663000 -0.07465130
-0.25832400 0.04724070 -0.08305950
-0.25077999 -0.08862270 -0.13950300
-0.24825101 0.08860520 -0.13470399
-0.25052300 -0.07064190 0.23749299
-0.25052300 0.07057260 0.23749299
-0.24383800 -0.09655840 0.21236700
-0.24420400 0.09506850 0.21374400
-0.23537301 -0.10742100 0.18225101
-0.23678100 0.10674900 0.18420400
-0.23290800 -0.11941600 -0.08637510
-0.23478299 0.11909500 -0.08974850
-0.22975101 -0.00003467 -0.04608590
-0.22852300 -0.11344000 0.14743701
-0.23003900 0.11256000 0.15267500
-0.22628000 -0.03952610 -0.02034160
-0.22603799 0.03806900 -0.02055410
-0.23082501 -0.11999000 0.10550300
-0.22996600 0.11933400 0.10687100
-0.22164001 -0.08922000 -0.08421160
-0.22164001 0.08915070 -0.08421160
-0.21930800 -0.12306300 0.04989580
-0.21892400 0.12271700 0.04993420
-0.22309799 -0.03915860 0.24898800
-0.22139899 0.03598700 0.25018400
-0.21492600 -0.00003467 0.25875199
-0.21501800 -0.11943500 -0.03121950
-0.21590000 0.11936400 -0.03393750
-0.21280800 -0.11862300 0.01704440
-0.21280800 0.11855400 0.01704440
-0.20933300 -0.07689940 -0.04351390
-0.20933300 0.07683010 -0.04351390
-0.20943201 -0.06369590 0.23582301
-0.20848501 0.06306500 0.23616099
-0.20883000 -0.07384040 -0.01553700
-0.20873100 0.07396460 -0.01550990
-0.20499000 -0.09333300 0.20575200
-0.20254301 0.09183340 0.20722100
-0.20199101 -0.04135440 -0.02053310
-0.20063600 0.04488820 -0.01905150
-0.19945700 -0.00003467 -0.05097600
-0.19801000 -0.10449200 0.16823401
-0.19801000 0.10442200 0.16823401
-0.19675200 -0.09437840 -0.01003290
-0.19732600 0.09512890 -0.01004950
-0.19514599 -0.10657500 0.12972000
-0.19467500 0.10660900 0.12303000
-0.19369100 -0.10749400 0.09470160
-0.19379801 0.10799700 0.08705910
-0.19174400 -0.06859440 -0.00933200
-0.19174400 0.06852500 -0.00933200
-0.18707700 -0.10522200 0.05382390
-0.18877800 0.10523900 0.05485270
-0.18663201 -0.08108380 0.00416087
-0.18663099 0.08113480 0.00425714
-0.18650100 -0.09969550 0.01905290
-0.18650100 0.09962620 0.01905290
-0.18236700 -0.03446790 0.25242600
-0.18092300 0.03389420 0.25275701
-0.15420599 -0.00003467 0.26218799
-0.16992800 -0.00003467 -0.06154420
-0.16922300 -0.06845200 0.23261900
-0.16922300 0.06838270 0.23261900
-0.16927700 -0.03071890 -0.04779200
-0.16773801 0.03000330 -0.04917830
-0.16656400 -0.09259360 0.19937700
-0.16217600 0.09177820 0.20041400
-0.16203900 -0.05870200 -0.03567980
-0.16373800 0.06091880 -0.03382560
-0.15293300 -0.10238000 0.15906700
-0.15675400 0.10259900 0.15687101
-0.15803900 -0.08334020 -0.01401190
-0.15888000 0.08461960 -0.01214210
-0.15048100 -0.10716300 0.07437210
-0.15392201 0.10623300 0.07346060
-0.15467200 -0.10701200 0.10861500
-0.14953700 0.10757100 0.10912200
-0.14911599 -0.10383200 0.03792580
-0.15282500 0.10313400 0.03865300
-0.15021600 -0.09689960 0.00708128
-0.15021600 0.09683020 0.00708128
-0.13083200 -0.03719770 0.25311899
-0.13090900 0.03727280 0.25302899
-0.12111400 -0.07034700 0.23123100
-0.12111400 0.07027760 0.23123100
-0.11534800 -0.00003467 -0.07501310
-0.10582600 -0.09819060 0.19025300
-0.11606800 0.09728280 0.19036099
-0.10968100 -0.10917100 0.14914501
-0.10387000 0.10970200 0.14959601
-0.09440470 -0.02445100 -0.07351290
-0.09186220 0.02793080 -0.07295590
-0.10551900 -0.11830700 0.10620600
-0.10361600 0.11896100 0.10109400
-0.10343400 -0.05411450 -0.05885760
-0.10071600 0.05354060 -0.05992260
-0.09828210 -0.11999000 0.06346420
-0.09937340 0.11963400 0.06257240
-0.09312460 -0.08376340 -0.03985750
-0.09473310 0.08206450 -0.04058750
-0.09418490 -0.11199000 0.02356350
-0.09090760 0.11285000 0.02443650
-0.08939610 -0.10298200 -0.00711717
-0.10121100 0.10110800 -0.00593214
-0.09768010 -0.00003467 0.26573700
-0.08113850 -0.03658080 0.25629500
-0.07017670 0.03627290 0.25710899
-0.06366560 -0.07070720 0.23366401
-0.06366560 0.07063790 0.23366401
-0.05323010 -0.12002600 0.13934401
-0.05124050 0.12024800 0.13944900
-0.04987390 -0.00003467 -0.08967880
-0.04626550 -0.03321900 -0.08029390
-0.04905650 0.03713660 -0.07868100
-0.05012670 -0.12987700 0.10371400
-0.04878290 0.13056500 0.10181800
-0.04846580 -0.06336500 -0.06748880
-0.05524100 0.06145890 -0.06676850
-0.04413460 -0.13279299 0.05791320
-0.04306860 0.13272899 0.05961130
-0.03363090 -0.12432600 0.01834520
-0.04150920 0.12212500 0.01508620
-0.03915840 -0.08812320 -0.04912990
-0.03664460 0.08831810 -0.04951100
-0.03214870 -0.10938100 -0.01738480
-0.03822820 0.10743900 -0.01918150
-0.01905990 -0.03993970 0.25676399
-0.02049190 0.04188840 0.25531101
-0.01799570 -0.00003467 0.26746899
-0.01065110 -0.10713700 0.19032000
-0.01065110 0.10706800 0.19032000
-0.00782589 -0.07666660 0.23190300
-0.00782589 0.07659730 0.23190300
-0.00518323 -0.02794920 -0.08805330
-0.00178571 0.02924770 -0.08815540
-0.00546258 -0.12515800 0.14025199
-0.00405573 0.12509701 0.14059800
-0.00082873 -0.06040870 -0.07495190
0.00165954 0.06111360 -0.07494070
0.00802828 -0.13428700 0.09761270
0.01280370 0.13412900 0.09632920
0.01011930 -0.13526800 0.04990510
0.00819640 0.13591200 0.05302820
0.01182290 -0.00003467 -0.09348900
0.01347060 -0.09250610 -0.05053020
0.01347060 0.09243670 -0.05053020
0.01917530 -0.11223400 -0.02315590
0.02225960 0.11066500 -0.02541530
0.02143700 -0.12612700 0.00839044
0.01945590 0.12569100 0.00643372
0.04423030 -0.00160655 0.27045900
0.04385070 -0.03968450 0.26168600
0.04504370 0.03727990 0.26266101
0.03889500 -0.10769000 0.19328301
0.04298970 0.10839100 0.19084200
0.05667040 -0.12683000 0.13821000
0.05315630 0.12684600 0.13865900
0.05659840 -0.03149180 -0.08532370
0.05147250 0.03400130 -0.08532080
0.06178150 -0.09583500 -0.04352920
0.05771180 0.09400120 -0.04633100
0.06989690 -0.06962880 -0.06527680
0.06934030 0.07093570 -0.06460510
0.05939520 -0.13492000 0.05706680
0.05777000 0.13481800 0.05820060
0.06931640 -0.11345500 -0.01710190
0.07639040 0.11224600 -0.01889330
0.07808690 -0.12554300 0.01356070
0.07808690 0.12547299 0.01356070
0.09596150 -0.07714960 0.23532100
0.09418250 0.07738970 0.23495600
0.09716850 -0.00017624 0.27552000
0.10092800 -0.10679400 0.19007500
0.10158300 0.10388600 0.19560800
0.10488300 -0.03992080 0.26392800
0.10488300 0.03985140 0.26392800
0.10496900 -0.12948900 0.10377200
0.10063900 0.12948801 0.10446300
0.11433600 -0.12314200 0.14416100
0.10793900 0.12225400 0.14732000
0.13074701 -0.12722000 0.06299440
0.11017600 0.12890500 0.06212360
0.11912600 -0.00003467 -0.08535830
0.12811400 -0.10132800 -0.02935140
0.13161699 0.10163600 -0.02848440
0.14135300 -0.05656890 -0.06177160
0.14064300 0.05813020 -0.06092280
0.14077400 -0.11468200 -0.00429172
0.14525899 0.11490000 -0.00310570
0.14716400 -0.12251700 0.02412330
0.14648899 0.12291800 0.02730090
0.16148800 -0.11728300 0.14907600
0.16148800 0.11721300 0.14907600
0.16352400 -0.12394100 0.10850800
0.16352400 0.12387200 0.10850800
0.16500799 -0.10298400 0.20522200
0.16500799 0.10291400 0.20522200
0.16666199 -0.03356010 0.27735201
0.16666199 0.03349080 0.27735201
0.17003000 -0.00003467 0.28993401
0.17184600 -0.07269650 0.25918299
0.17184600 0.07262720 0.25918299
0.17527001 -0.10349400 -0.02499160
0.17527001 0.10342400 -0.02499160
0.17606699 -0.12484900 0.06397570
0.17606699 0.12477900 0.06397570
0.17884199 -0.11502400 -0.00049700
0.17946599 0.11537700 0.00044064
0.18029000 -0.12278700 0.03132430
0.18130700 0.12307800 0.03077420
0.18515500 -0.08810350 -0.03822070
0.18319300 0.09048140 -0.03704560
0.18611400 -0.12611499 0.10788700
0.18611400 0.12604600 0.10788700
0.18823500 -0.11277500 -0.07949410
0.18824799 0.11284800 -0.07958780
0.18808401 -0.13183400 -0.02827850
0.18808401 0.13176499 -0.02827850
0.19461800 0.00081313 0.29608801
0.19083799 -0.11910300 0.16042501
0.19083799 0.11903400 0.16042501
0.19392700 -0.13455200 0.00350346
0.19488300 0.13519999 -0.00310427
0.19290601 -0.13141701 0.06012130
0.19290601 0.13134800 0.06012130
0.19668700 -0.03399510 0.29365599
0.19685601 0.03156950 0.29371500
0.19086100 -0.00003467 -0.06880900
0.19930799 -0.08569750 -0.07805990
0.19781099 0.08711450 -0.07818250
0.19999801 -0.13323200 -0.07510710
0.19874001 0.13392299 -0.06662360
0.20066200 -0.10536000 0.22744600
0.20091499 0.10530700 0.22760300
0.20296600 -0.06589450 -0.04888460
0.20296600 0.06582510 -0.04888460
0.20424899 -0.07119630 0.28113800
0.19931599 0.07050800 0.27819201
0.20587300 -0.11089200 -0.13776600
0.20727600 0.10897200 -0.14296000
0.20854700 -0.09199880 -0.13900299
0.20913699 0.08961160 -0.13862801
0.21073300 -0.12767000 -0.12339900
0.20942099 0.12628800 -0.12453400
0.20977999 -0.14160100 0.06868910
0.21196100 0.14132300 0.07595270
0.21082500 -0.14719900 -0.03493010
0.21221600 0.14767399 -0.03703540
0.21319900 -0.00003467 0.30231899
0.21401300 -0.14819600 0.02736340
0.21593800 0.14871700 0.02595010
0.21600100 -0.15024599 -0.00660662
0.21578801 0.15004900 -0.00622694
0.22199801 -0.10288800 -0.20154700
0.22269300 0.10268500 -0.20428000
0.22214501 -0.14405601 -0.09326710
0.22512600 0.14740500 -0.08393500
0.22019200 -0.12250300 -0.16182099
0.21987700 0.12189700 -0.16238800
0.22255801 -0.08352030 -0.19140200
0.22213800 0.08294970 -0.18765600
0.22083899 -0.12503301 0.18228300
0.21736000 0.12212700 0.18846899
0.22254901 -0.04190230 0.30813599
0.22254901 0.04183290 0.30813599
0.22134601 -0.06441100 -0.08125540
0.22017901 0.06368230 -0.07545970
0.22171400 -0.06989440 -0.12997100
0.22576700 0.06729910 -0.13603599
0.22775701 -0.13797399 -0.13715699
0.22766700 0.13677900 -0.14129101
0.22710200 -0.07343820 0.29093999
0.22322799 0.07108910 0.29044801
0.22880000 -0.10357000 0.25050199
0.22836401 0.10400500 0.24943200
0.22968800 -0.08471150 -0.22552800
0.22857299 0.08462380 -0.22071099
0.23415600 -0.05017740 -0.05452460
0.23670100 0.04958360 -0.05421300
0.23560800 -0.13181800 -0.17616500
0.23330800 0.13083400 -0.17473400
0.23151800 -0.11767800 -0.20468800
0.23530699 -0.00003467 -0.06731040
0.23288500 -0.09674050 -0.24493000
0.23265199 0.09613140 -0.24368800
0.23736601 0.15520599 -0.03248300
0.23695700 -0.06454060 -0.18020301
0.23759000 0.06312300 -0.17085101
0.24006400 -0.09309230 -0.27526301
0.23908500 0.09287090 -0.27165300
0.23845400 -0.07725530 -0.25099301
0.24251200 0.07476820 -0.26249099
0.24201000 -0.05269850 -0.08831690
0.24091201 0.05353290 -0.09054400
0.24317600 -0.15688400 -0.01459350
0.24214500 0.15701300 -0.00533166
0.24098700 -0.11117500 -0.25125399
0.24083400 0.11058700 -0.25185099
0.24533300 -0.15617500 -0.07390000
0.24626701 0.15618500 -0.07598800
0.24571900 -0.14917400 -0.13010199
0.24464500 0.14937200 -0.12711900
0.24630700 -0.15419200 0.07413050
0.24501900 0.15426800 0.07273830
0.24297599 -0.12531801 -0.21473899
0.24330500 0.12664600 -0.21057101
0.24401399 -0.06352130 -0.21954200
0.24201100 0.06530870 -0.21698000
0.24562401 -0.15805000 0.03421540
0.24809600 0.15821099 0.03184440
0.24616200 -0.07278670 -0.26989201
0.24771000 -0.11008900 -0.27956799
0.24773800 0.10883100 -0.28068301
0.24868301 -0.14736000 0.12602100
0.24868301 0.14729100 0.12602100
0.24924099 -0.09447660 -0.29659301
0.24960300 0.09437470 -0.29710901
0.25024101 -0.07874270 0.30308101
0.25024101 0.07867340 0.30308101
0.25097799 -0.04158010 0.32011601
0.24951901 0.03948850 0.31974301
0.24915400 -0.13040100 0.19566000
0.25120100 0.13298200 0.19021299
0.25177801 -0.12270200 -0.24743401
0.25215101 0.12232300 -0.24976601
0.25290999 -0.07570100 -0.29328501
0.25224400 0.07636990 -0.29293701
0.25289601 -0.05013910 -0.13967600
0.25234801 0.05019870 -0.13709000
0.25380200 -0.13949400 -0.18296599
0.25354600 0.13696000 -0.19195101
0.25566801 -0.10621700 0.26093400
0.25258300 0.10826500 0.25590199
0.25959000 -0.12108100 -0.28526700
0.26047000 0.12151400 -0.28569400
0.26304099 -0.11160500 -0.30811900
0.26099101 0.11101400 -0.30495301
0.25826201 -0.05261140 -0.18914400
0.25787500 0.05252600 -0.18657500
0.25941601 -0.05528390 -0.25065401
0.25805801 0.05610610 -0.25162199
0.26173100 -0.05775900 -0.28341699
0.26079300 0.05695420 -0.27879000
0.26241800 -0.13340800 -0.22281800
0.26192400 0.13267601 -0.22780700
0.26203001 0.09171570 -0.31433401
0.26508901 -0.04380230 -0.05073720
0.26508901 0.04373300 -0.05073720
0.26701799 -0.04867350 -0.08495670
0.26583800 0.04872670 -0.08953110
0.26883999 -0.04906140 -0.22401001
0.26506400 0.05036670 -0.22385301
0.27097699 -0.15655100 -0.09401480
0.26996800 0.15690000 -0.09208020
0.26581401 -0.12846901 -0.26276201
0.26686299 0.12921099 -0.26207200
0.27023000 -0.15052301 -0.14304900
0.27010101 0.14944901 -0.14854699
0.27124599 -0.15887000 -0.03667680
0.27074301 0.15896800 -0.03481120
0.27116799 -0.15790400 0.00231917
0.27120700 0.15783900 0.00252475
0.27050200 -0.09395560 -0.32835099
0.27276099 0.09632540 -0.33133501
0.26697400 0.00015882 -0.06254080
0.27348500 -0.05501320 -0.30895099
0.27011701 0.05771670 -0.30626601
0.27410299 -0.14128999 -0.18801200
0.27706799 0.14168300 -0.18288700
0.27059799 -0.07179850 -0.32084000
0.27490801 0.07018990 -0.32706901
0.27480400 -0.12494300 -0.31197000
0.27478501 0.12402100 -0.31480500
0.27751201 -0.05117450 -0.13454901
0.27871099 0.05158270 -0.13440000
0.27698201 -0.11576400 -0.33190700
0.27622601 0.11301100 -0.33241001
0.27673101 -0.13054299 -0.29229999
0.27513501 0.12972701 -0.29331601
0.27830699 -0.04113870 -0.27347499
0.27963001 0.04088760 -0.27294800
0.27778101 -0.03437090 0.33157799
0.27778101 0.03430160 0.33157799
0.27784601 -0.07201780 0.31727701
0.27784601 0.07194850 0.31727701
0.27745199 -0.13491599 -0.22945499
0.27924201 0.13457800 -0.23711900
0.27958500 -0.04360770 -0.25038600
0.27817300 0.04336330 -0.25358301
0.27784899 -0.11354900 0.25632000
0.28022501 0.11279300 0.25943401
0.28259999 -0.15790100 0.03709430
0.28147000 0.15846100 0.03031940
0.27974799 -0.13811500 0.18477701
0.28092101 0.13720299 0.18765400
0.28494301 -0.09962950 -0.34539700
0.28577799 0.09892340 -0.34608299
0.28417400 -0.04971800 -0.18940100
0.28512299 0.04960160 -0.19153300
0.28529400 -0.13183700 -0.27285799
0.28483999 0.13181800 -0.27304900
0.28741300 -0.15464599 0.07827340
0.28843501 0.15468501 0.07612350
0.28320101 -0.07319090 -0.33917901
0.28498799 0.07462830 -0.34178701
0.28701401 -0.11978700 -0.34357899
0.28765100 0.11884400 -0.34502000
0.28658700 -0.04962060 -0.32577601
0.28627399 0.05025230 -0.32621500
0.28876701 0.13458900 -0.33119300
0.28498301 -0.13176300 -0.32792899
0.28544900 0.04067500 -0.30504900
0.28878900 -0.04495560 -0.22673900
0.28861400 0.04503840 -0.22549200
0.29209399 -0.14748400 0.13637701
0.29090500 0.14782999 0.13364200
0.29231000 -0.05700870 -0.09185780
0.29152501 0.05644930 -0.08598480
0.29323801 -0.03256590 -0.29361400
0.29150900 0.03278330 -0.29017901
0.29132101 -0.13568200 -0.31384900
0.29026601 0.13520700 -0.31269500
0.29309499 -0.13490900 -0.29434201
0.29078999 0.13491100 -0.29433101
0.29258499 -0.04985690 -0.04924740
0.29479501 0.05050660 -0.04851110
0.29716200 -0.13127001 -0.23443601
0.29793501 0.13072699 -0.23225400
0.29423201 -0.13427299 -0.34198201
0.29490399 0.13212401 -0.34479201
0.29598999 -0.14533100 -0.14457400
0.29746500 0.14550100 -0.13700600
0.29603100 0.03569260 -0.31651700
0.29284900 -0.03776230 -0.31499600
0.29626501 -0.15222000 -0.08118400
0.29747900 0.15123101 -0.07912910
0.29891700 -0.09398880 -0.35507399
0.29914400 0.09463100 -0.35514000
0.29634100 -0.13507301 -0.20135200
0.29761899 0.13469800 -0.19819900
0.29823101 -0.11139300 -0.35457999
0.29969901 0.11594800 -0.35475400
0.29594901 -0.05764460 -0.34278801
0.29541901 0.05687090 -0.34201401
0.29968300 -0.13054200 -0.26062599
0.30003700 0.04545270 -0.33717000
0.29847699 -0.04685730 -0.33680600
0.29899499 0.00021768 0.33664700
0.30193099 -0.13054299 -0.35266700
0.30294701 0.13031200 -0.35308999
0.30222699 -0.07431880 -0.35467499
0.30206099 0.07108390 -0.35440901
0.30199999 -0.03894050 -0.25506100
0.30235401 0.03871680 -0.25573799
0.30313200 -0.06374770 -0.12658100
0.30282900 0.06277210 -0.13673601
0.30313599 0.03212860 -0.31190801
0.30223301 -0.03234880 -0.31269899
0.30299401 -0.13148600 -0.27972901
0.30412799 0.13056301 -0.27840701
0.30368900 -0.14775100 -0.03149850
0.30368900 0.14768200 -0.03149850
0.30400100 -0.13952000 -0.30807301
0.30655801 0.13984600 -0.30745301
0.30693299 -0.03379130 -0.27609599
0.30595401 0.03318520 -0.27747700
0.30524099 -0.00003467 -0.05164540
0.30476499 -0.14926600 -0.00256747
0.30569100 0.14906301 -0.00164688
0.30730000 -0.06065870 -0.17530000
0.30751500 0.06023120 -0.17870399
0.30810401 -0.05953380 -0.35248500
0.31099001 0.05697180 -0.35247001
0.31065899 -0.03113460 -0.29610601
0.30887499 0.03071720 -0.29408699
0.30723700 0.03655370 -0.32918599
0.30766800 -0.03689800 -0.33024400
0.30972099 -0.04371100 -0.34245199
0.31048700 0.04408000 -0.34320799
0.31176001 -0.13868099 0.18722200
0.30742300 0.14078100 0.17918999
0.31022900 -0.07429780 0.32096899
0.31022900 0.07422850 0.32096899
0.31044799 -0.11703300 0.25833401
0.30814701 0.11791600 0.25615799
0.31331301 -0.13456701 -0.29336700
0.31203401 0.13548000 -0.29415700
0.30864200 -0.14569800 -0.34489799
0.30956000 0.14626200 -0.34526700
0.31465501 -0.05340230 -0.22883999
0.31556001 0.05307410 -0.23272800
0.31224599 -0.03238550 -0.31218001
0.31377399 0.03283180 -0.31335700
0.31292000 -0.12252700 -0.22514300
0.31583101 0.12043900 -0.22013301
0.31328699 -0.15096299 -0.32538700
0.31518501 0.15253900 -0.32709500
0.31692901 0.12843500 -0.35816401
0.31810999 -0.13035700 -0.35801801
0.31856701 -0.14081700 -0.30506900
0.31857300 0.14124100 -0.30541900
0.31650099 -0.07681700 -0.07955440
0.31650901 0.07717800 -0.08086690
0.31797200 -0.11143200 -0.36018401
0.31940699 0.10986300 -0.36035499
0.32061800 -0.03598260 -0.33318999
0.31798300 0.03592530 -0.33322701
0.31829700 -0.12204800 -0.18390299
0.31875899 0.12380300 -0.16914000
0.32163301 -0.14926600 0.09001880
0.31889400 0.14997600 0.08759530
0.31984800 -0.14696699 -0.35460401
0.31921399 0.14685300 -0.35436100
0.31957999 -0.11821200 -0.25649500
0.31959900 0.11789400 -0.25454000
0.32001001 -0.13200299 -0.07954050
0.31977701 0.13245299 -0.07441460
0.31878799 -0.13175000 -0.12144600
0.31804100 0.13245100 -0.11833500
0.32468700 -0.04729510 -0.35198900
0.32511601 0.04872850 -0.35300899
0.31777900 -0.09033160 -0.36017299
0.32438299 0.08884100 -0.36077800
0.32206401 -0.03852420 -0.29116899
0.32263499 -0.14538100 0.13913600
0.32090500 0.14711000 0.12905499
0.32291600 -0.08225050 -0.13521500
0.32127300 0.08147980 -0.12469200
0.32325700 -0.12307000 -0.28036901
0.32366499 0.12083600 -0.27660000
0.32309800 -0.03397050 -0.30956501
0.32403699 0.03390340 -0.31147099
0.32958001 -0.06454420 -0.35851699
0.32961300 0.06578100 -0.35874900
0.32419401 0.07901360 -0.15954299
0.32400501 -0.04954580 -0.27032399
0.32322299 0.04873180 -0.27125901
0.32833201 -0.14709900 -0.30978301
0.32829699 0.14842600 -0.31049001
0.32629299 -0.12839299 -0.03281320
0.32629299 0.12832300 -0.03281320
0.32703701 -0.07151880 -0.03664520
0.32827300 0.07231920 -0.03584510
0.32825500 -0.07290300 -0.22150300
0.32721701 0.07264600 -0.21008199
0.32928899 -0.10144100 -0.22229400
0.33026800 0.09985270 -0.22733100
0.33198899 -0.03533990 -0.32322100
0.33308101 0.03484710 -0.32476601
0.33007699 -0.10607500 -0.07324310
0.33107099 0.10589700 -0.06881530
0.33033201 -0.10769600 -0.11722000
0.33042699 0.10741400 -0.11780700
0.33716801 0.12560900 -0.35969201
0.33070901 -0.09954110 -0.17344201
0.33076000 0.09760730 -0.18444900
0.33509099 -0.03697210 -0.34354100
0.33166099 0.03711860 -0.34347200
0.33338001 -0.00003467 0.35233900
0.33233699 -0.14650500 -0.35912201
0.33098799 0.14568600 -0.35896400
0.33695099 -0.04758160 -0.29351401
0.33391601 0.04755730 -0.29031801
0.32983899 0.16004699 -0.34509599
0.33394200 -0.16257900 -0.34732801
0.34299800 -0.04332300 -0.35345599
0.34299800 0.04325360 -0.35345599
0.33481199 -0.14525799 0.03055390
0.33322701 0.14551300 0.03192230
0.33420399 0.07188580 -0.25299901
0.33455300 -0.10027700 -0.25866401
0.33494100 0.10020400 -0.26149300
0.33555901 0.12449900 -0.29219300
0.33451101 -0.12359300 -0.29040399
0.33422500 -0.03836170 0.34625599
0.33436599 0.03774770 0.34657401
0.33898500 -0.09367520 -0.36098200
0.34336600 0.10349000 -0.36026001
0.33691800 -0.11648700 0.25218400
0.33691800 0.11641800 0.25218400
0.33724201 -0.15785700 -0.35616201
0.33513999 0.15651301 -0.35595199
0.33596200 -0.16404000 -0.33070901
0.33915100 0.16520201 -0.32960099
0.33812901 -0.13268401 -0.01095250
0.33812901 0.13261500 -0.01095250
0.33900800 -0.07019580 -0.27284899
0.33867100 0.07023020 -0.27153000
0.33889100 -0.12971300 -0.29854000
0.33907101 0.13236600 -0.30081999
0.33912700 -0.10508200 -0.03294740
0.33912700 0.10501200 -0.03294740
0.33529401 -0.15610400 -0.31495899
0.33919799 0.15760300 -0.31389201
0.34223300 -0.13500200 0.18367000
0.33989000 0.13561501 0.18341300
0.34029001 -0.07956000 0.31646401
0.34029001 0.07949060 0.31646401
0.33997601 -0.09868220 -0.27586901
0.34041101 0.09809570 -0.27606699
0.34839299 0.07514980 -0.35947701
0.33969900 -0.14071800 -0.30537501
0.34326899 0.14352600 -0.30587000
0.34369799 -0.14555401 -0.36075500
0.34621900 0.14722900 -0.36095199
0.34482801 -0.04409880 -0.30648699
0.34452999 0.04454250 -0.30550700
0.34686500 -0.16635500 -0.35128000
0.34686500 0.16628601 -0.35128000
0.34469599 -0.15273000 -0.30873200
0.34873700 0.15370500 -0.30887800
0.34672701 -0.14028300 0.14112499
0.34855300 0.14017799 0.13874200
0.35131001 0.07072290 -0.28873399
0.34860000 -0.07002530 -0.28720200
0.36341199 -0.13852000 -0.36020899
0.34797999 -0.09999720 -0.28594700
0.34856600 0.10080900 -0.28731301
0.36022300 0.11337600 -0.35990599
0.35261199 -0.03579890 -0.32462901
0.34886599 0.03523480 -0.32526401
0.35157999 -0.16369200 -0.31738901
0.35047799 0.16397300 -0.31903800
0.35348099 0.15558700 -0.35958400
0.35061401 -0.15638100 -0.35953999
0.35302201 -0.14130300 0.09663690
0.35025299 0.14191601 0.09644750
0.35705501 0.13626900 -0.30579400
0.35613799 -0.13652200 -0.30607000
0.35300401 0.05463080 -0.29990599
0.35418800 -0.05912800 -0.29697800
0.35259101 -0.11439600 -0.29574400
0.35290700 0.11545600 -0.29684401
0.35521200 -0.08542590 -0.35945901
0.35823601 -0.16350099 -0.35551599
0.35937101 0.16245800 -0.35600400
0.35704201 -0.04935370 -0.30358699
0.35891101 0.04711090 -0.30656499
0.35759601 -0.09840070 -0.01775060
0.35882699 0.09652650 -0.01640330
0.35832101 -0.16849600 -0.32850900
0.35790199 0.16854900 -0.32856899
0.35986301 -0.15858200 -0.31305200
0.35964900 0.16006300 -0.31394500
0.36678299 0.13868099 -0.36006901
0.35668600 -0.10132200 -0.29311901
0.36021999 0.09743840 -0.29492000
0.35893899 -0.14525899 -0.30700400
0.35843101 0.14826000 -0.30816001
0.36075500 -0.16898599 -0.34678799
0.36096400 0.16878000 -0.34555200
0.35839799 -0.05921550 -0.35896400
0.35979199 0.05749190 -0.35889399
0.35987201 -0.05616330 -0.02001200
0.36264199 0.05346990 -0.01852220
0.36140200 -0.08102960 -0.29396200
0.36155701 0.08294010 -0.29365101
0.35715699 -0.00010576 -0.02837980
0.36598000 -0.13307600 0.06747690
0.36328700 0.13410001 0.06153840
0.36567900 0.07364280 -0.29710701
0.36455899 -0.07181260 -0.29730499
0.36362600 -0.12152300 0.01343730
0.36500001 0.12191100 0.01582810
0.36613700 0.14422999 -0.31020099
0.36901900 -0.14499100 -0.31165099
0.37366399 0.00143395 0.36808699
0.36520299 -0.09524040 -0.29514599
0.36880201 -0.13246500 0.16192600
0.37040201 0.13138600 0.16400801
0.37001801 -0.12159300 0.21450000
0.36685401 0.12226900 0.21139100
0.36912799 -0.16461501 -0.32757899
0.36925399 0.16456600 -0.32817999
0.37150201 -0.13911800 -0.30712000
0.37096801 0.13796100 -0.30580100
0.36504000 -0.13053800 -0.30122501
0.37076101 0.12869599 -0.30017599
0.36827400 -0.10624200 0.27239200
0.37068400 0.10390000 0.27789199
0.37598899 -0.04247980 0.35967201
0.37591001 0.04355480 0.35868499
0.37052700 -0.15225600 -0.31406200
0.36760199 0.15390401 -0.31321099
0.37529799 -0.07906210 0.32930800
0.37671000 0.07888620 0.32983300
0.36966601 -0.16382100 -0.35133401
0.37090001 0.16269600 -0.35189900
0.36955899 0.10488800 -0.29870301
0.36955899 -0.10495700 -0.29870301
0.36503401 -0.03596510 -0.34739101
0.37031400 0.03572090 -0.34638399
0.37636900 0.08000440 -0.35960501
0.37548301 -0.08289560 -0.35980800
0.37143400 -0.03528360 -0.32783601
0.36799499 0.03462180 -0.33032000
0.37158099 -0.04165890 -0.35519901
0.37213200 0.04261700 -0.35550699
0.37250599 -0.04480370 -0.30927300
0.37171701 0.04364680 -0.30992901
0.36890599 -0.05475320 -0.30179101
0.36892501 0.05337310 -0.30202699
0.37310100 -0.16481499 -0.34417400
0.37244999 0.16541000 -0.34523499
0.37165499 -0.15800200 -0.35653201
0.37464699 0.15453900 -0.35758299
0.37558100 -0.14861999 -0.31621200
0.37542599 0.14823399 -0.31579000
0.37633201 0.14697000 -0.31818700
0.37584201 -0.14692000 -0.31761599
0.38064301 0.12365000 -0.36050200
0.38231000 -0.12498300 -0.36026701
0.37602600 -0.12071400 -0.29764900
0.37562400 0.12023700 -0.29746899
0.37545100 -0.13024899 0.12345100
0.37851599 0.12870900 0.12779900
0.37685999 -0.15907300 -0.32709399
0.37719899 0.15876800 -0.32711500
0.37968299 -0.09175840 0.01052890
0.37872499 0.09378040 0.01100670
0.38340300 0.07020780 -0.30224001
0.38387799 -0.06283740 -0.30450600
0.38206199 0.13960700 -0.35834101
0.38373300 -0.13962200 -0.35822901
0.38269299 -0.15799400 -0.34654400
0.38205501 0.15837000 -0.34633800
0.38196501 0.15197800 -0.32706299
0.38056499 -0.15327300 -0.32602099
0.38322899 -0.15101799 -0.35249501
0.38380301 0.14985500 -0.35278201
0.38367099 -0.08603670 -0.29509801
0.38320100 0.08695770 -0.29521200
0.38317001 -0.14222200 -0.30917501
0.38181999 0.14181200 -0.30896100
0.38461399 -0.11589200 0.04846890
0.38439301 0.11427300 0.04458950
0.38679501 0.11590100 -0.30230799
0.38464099 -0.15357600 -0.34393001
0.38395000 0.15416101 -0.34216201
0.38580200 -0.04419020 -0.31354600
0.38570800 0.04346220 -0.31505901
0.38677099 -0.05860220 0.00606682
0.38784099 0.05667020 0.00650762
0.38613400 0.07878010 -0.29934901
0.38683099 -0.14929000 -0.33183300
0.38653901 0.14928301 -0.33158401
0.38252100 0.05138120 -0.35772499
0.38286400 -0.05124350 -0.35767600
0.39015800 -0.14605200 -0.35148501
0.39152899 0.14543900 -0.35125300
0.38196799 0.07189870 -0.30300400
0.38590199 -0.07286190 -0.30361301
0.38752699 -0.10311400 -0.29962400
0.38697401 0.09943100 -0.29845300
0.38884500 -0.12212300 0.09593920
0.38887501 0.12206100 0.09455960
0.38904500 -0.00003467 -0.00785402
0.38979301 -0.13552700 -0.30636501
0.39025199 0.13503601 -0.30651700
0.38922700 -0.04918530 -0.31056499
0.38767499 0.05038390 -0.30958900
0.38621300 -0.10911900 -0.30346501
0.38959399 0.10739300 -0.30358899
0.39057499 -0.03925540 -0.34584600
0.39057499 0.03918610 -0.34584600
0.39025700 -0.04427750 -0.35248500
0.39043200 0.04499560 -0.35317999
0.38353699 0.10779000 -0.35916999
0.38732001 -0.10991000 -0.35911000
0.39213899 -0.03972840 -0.32613200
0.39213899 0.03965900 -0.32613200
0.39750299 -0.12995800 -0.35709599
0.39390299 0.13101500 -0.35799000
0.39073801 -0.14559101 -0.32192799
0.39121801 0.14523099 -0.32141501
0.39223400 -0.05591590 -0.35720700
0.39397201 0.05905200 -0.35713699
0.39489999 -0.08850420 -0.35936701
0.39822400 0.09223940 -0.35849401
0.39535800 -0.05934810 -0.31116399
0.39307100 0.05874710 -0.30967900
0.39697400 -0.06768540 -0.31029001
0.39525101 0.06898570 -0.30854899
0.39675099 -0.12576599 -0.30643699
0.39571500 0.12644701 -0.30624101
0.39922300 -0.11524900 0.15886500
0.39721799 0.11550800 0.15547200
0.39741400 -0.07354480 -0.35697699
0.39618200 0.07230870 -0.35695699
0.39760199 -0.14630400 -0.34439901
0.39754999 0.14642300 -0.34562501
0.39794901 -0.08415770 0.03415260
0.39844400 0.08517650 0.03680620
0.39795500 -0.11407400 0.19987001
0.39795500 0.11400500 0.19987001
0.40029901 -0.07184210 -0.31535101
0.40004799 0.07163570 -0.31516400
0.39845100 0.13996901 -0.35380799
0.39905101 -0.13973700 -0.35338500
0.39949700 -0.04933420 -0.35154301
0.39916000 0.04932210 -0.35213301
0.39973900 0.11012500 -0.31222099
0.39943099 -0.10973000 -0.31148300
0.39989999 -0.04727400 -0.32386699
0.39979500 0.04727390 -0.32369599
0.40073201 -0.11775600 -0.31147000
0.39875799 0.11800700 -0.30950600
0.40046099 -0.04436760 -0.34326601
0.40109900 0.04476380 -0.34282801
0.40159199 -0.14071199 -0.32281199
0.40177500 0.14023399 -0.32230100
0.40010700 -0.10771000 -0.35690099
0.40139699 0.10630800 -0.35675901
0.40231100 -0.11689500 -0.35637400
0.40231100 0.11682600 -0.35637400
0.40327299 -0.08557320 -0.30368999
0.40327299 0.08550160 -0.30368999
0.40470999 -0.07903090 -0.31066200
0.40375701 0.07785950 -0.31100500
0.40428001 -0.09817860 -0.30385101
0.40428001 0.09810920 -0.30385101
0.40401700 0.13145299 -0.35430399
0.40379900 -0.13195500 -0.35420799
0.40370300 -0.06233750 -0.35285401
0.40585199 0.06408270 -0.35130200
0.40506500 -0.06662390 -0.32078001
0.40627700 0.06761840 -0.32201600
0.40735999 -0.10820400 0.12857801
0.40828800 0.10797700 0.13054900
0.40648001 -0.14011900 -0.34496200
0.40673700 0.13928300 -0.34369501
0.40582201 -0.11235900 0.25276601
0.40893200 0.11302300 0.25076300
0.40659800 -0.04829310 0.02244860
0.40659800 0.04822370 0.02244860
0.40692699 -0.12289400 -0.35426301
0.40770599 0.12419900 -0.35293901
0.40749499 -0.07126490 -0.35054299
0.40763301 0.07052600 -0.35004100
0.40750301 -0.00003467 0.38424000
0.40765199 -0.10327600 0.08312610
0.40746301 0.10229800 0.08138670
0.40783700 -0.06018780 -0.32607499
0.40728399 0.05895700 -0.32683501
0.40515199 -0.03705960 0.37374100
0.40682301 0.03711180 0.37443599
0.40848100 0.11244400 -0.34990799
0.40848100 -0.11251400 -0.34990799
0.40881801 -0.07573290 -0.32174799
0.40900999 0.07610480 -0.32132000
0.40900299 -0.05973390 -0.34650999
0.40900299 0.05966460 -0.34650999
0.40907800 -0.07130800 -0.32780901
0.40916300 0.07144990 -0.32908899
0.40937001 -0.11488900 -0.33015901
0.40934199 0.11472100 -0.32834601
0.40968400 -0.12918501 -0.32292700
0.40968400 0.12911500 -0.32292700
0.41055900 -0.08441390 -0.35534301
0.41140699 0.08481300 -0.35455599
0.41094199 -0.07618070 -0.34867600
0.41040099 0.07576090 -0.34900901
0.41062999 -0.06859100 -0.34349000
0.41048101 0.06878190 -0.34198800
0.41011000 -0.12035200 -0.32600999
0.41090000 0.12174800 -0.32709301
0.40997300 -0.10081800 -0.35514101
0.41120601 0.10159900 -0.35479000
0.41295701 -0.10107400 0.29834801
0.41647100 0.10010400 0.30290201
0.41113901 -0.07528700 0.34454599
0.41237199 0.07460620 0.34571400
0.41034901 -0.10844700 -0.32094899
0.41089600 0.10899000 -0.32233399
0.41097900 -0.11975700 -0.34599799
0.41130701 0.12064800 -0.34626999
0.41228199 -0.12930000 -0.34520999
0.41302299 0.12785099 -0.34524199
0.41426000 -0.09217320 -0.35444501
0.41485599 0.09298000 -0.35332000
0.41568401 -0.08134730 -0.32435101
0.41495001 0.08098340 -0.32229599
0.41988099 -0.00003467 0.02293480
0.41731301 -0.06789500 0.05507830
0.41575199 0.07298020 0.05815670
0.41631699 -0.10346500 -0.32251400
0.41639099 0.10269200 -0.32235900
0.41623199 -0.07863340 -0.34406200
0.41714200 0.07916170 -0.34438801
0.41769701 -0.08888280 -0.31910500
0.41785201 0.08870650 -0.31928000
0.41757500 -0.10548900 -0.34506899
0.41871399 0.10407900 -0.34328300
0.42130601 -0.08759920 -0.34353501
0.42134801 0.08749410 -0.34380701
0.42162299 -0.09566880 0.11088500
0.42162299 0.09559950 0.11088500
0.43565801 -0.04675800 0.05746260
0.43565801 0.04668870 0.05746260
0.44377699 -0.06671500 0.08882970
0.44020399 0.06929670 0.08819040
0.44859600 -0.09542420 0.17229301
0.45012000 0.09452150 0.17027400
0.44810301 -0.10880700 0.19266500
0.44499299 0.10909300 0.19223399
0.44831699 -0.04082030 0.39080399
0.44527999 0.04052840 0.38959801
0.45370999 -0.00003467 0.40393299
0.45372701 -0.07365290 0.36820999
0.45121101 0.07429390 0.36564299
0.45274401 -0.00003467 0.05542850
0.45492101 -0.11538100 0.22565500
0.46230000 0.11522400 0.22773300
0.45907399 -0.08740320 0.15013300
0.46332601 0.08558710 0.14976899
0.45846301 -0.11427600 0.27236700
0.46217501 0.11484300 0.27115101
0.46720299 -0.10302700 0.32190901
0.46219099 0.10264000 0.32063401
0.47157100 -0.03316080 0.08373270
0.47234401 0.03328720 0.08447070
0.48493099 -0.07008660 0.13600001
0.48173699 0.07021860 0.13429600
0.48841900 -0.00186939 0.41314301
0.49398899 -0.03957170 0.40663901
0.49436799 0.04132540 0.40545401
0.49677700 -0.08849300 0.37183100
0.49677700 0.08842360 0.37183100
0.50834399 -0.11808000 0.26792499
0.50834399 0.11801100 0.26792499
0.50884598 -0.11366300 0.23282000
0.50919801 0.11442500 0.23548900
0.50664198 -0.04203550 0.11718500
0.50750399 0.04355900 0.11920600
0.51124400 -0.11607200 0.30406401
0.50737798 0.11463200 0.30610400
0.50943100 -0.00049454 0.10746600
0.50914901 -0.09481530 0.18884400
0.50737399 0.09709420 0.19203600
0.51341498 -0.10420300 0.20653200
0.51372302 0.10584700 0.20973399
0.51799399 -0.09780100 0.37724000
0.51799399 0.09773160 0.37724000
0.52024102 -0.00003467 0.41713601
0.52325302 -0.12154900 0.33074301
0.52338099 0.12205200 0.33091000
0.52554601 -0.08173400 0.17294300
0.52314401 0.08186940 0.17211901
0.52634001 -0.11524400 0.38789400
0.52658403 0.11631900 0.38707000
0.52993500 -0.12192200 0.23942301
0.53263801 0.12203800 0.23562700
0.52670401 -0.12671600 0.26521999
0.52840799 0.12718301 0.26092800
0.52434802 -0.06108800 0.40249199
0.52494401 0.06272540 0.40195000
0.52856100 -0.13622500 0.35548100
0.52782601 0.13503399 0.35483500
0.53072703 -0.10868700 0.20913801
0.52991903 0.11023500 0.21328300
0.53366703 -0.03337090 0.41254801
0.53424001 0.03315250 0.41255900
0.52448899 -0.06759280 0.15711100
0.53150100 0.06708140 0.16085200
0.53041500 -0.13000500 0.28525200
0.53298002 0.13089500 0.27832201
0.53327602 -0.09312820 0.18689799
0.53279501 0.09397200 0.18777201
0.53710902 -0.13268900 0.29346001
0.53506202 0.13116901 0.29651299
0.53878599 -0.13713200 0.31407800
0.53882700 0.13710400 0.31197101
0.54063803 -0.08026640 0.40094501
0.54063803 0.08019700 0.40094501
0.53895599 0.13680799 0.33523899
0.53986102 -0.07743720 0.17150700
0.54185998 0.07676800 0.17130600
0.54192102 -0.03743420 0.15242299
0.54192102 0.03736480 0.15242299
0.54004002 -0.06388880 0.16651200
0.54143298 0.06210420 0.16589300
0.53855902 -0.12807301 0.39364600
0.54294002 0.13225999 0.39608401
0.54430997 -0.00003467 0.15157500
0.54453200 -0.12305700 0.22242600
0.54444999 0.12390500 0.22452100
0.54335397 -0.13398300 0.28209099
0.54562300 0.13482900 0.28482500
0.54520202 -0.11326600 0.20271300
0.54520601 0.11265000 0.20205399
0.54641098 -0.13857400 0.30076900
0.54625201 0.13871799 0.30151400
0.54607701 0.13868800 0.28898200
0.54519701 -0.13837300 0.28804201
0.54608601 -0.09698630 0.18401700
0.54617602 0.09455510 0.18209399
0.54548901 -0.13746600 0.32499301
0.54657298 0.13789999 0.32603800
0.54556400 -0.14849700 0.38161400
0.54418099 0.14744700 0.37965000
0.54478699 -0.14938800 0.35763001
0.54558700 0.14917301 0.35545900
0.54539299 -0.09681920 0.40541399
0.54692400 0.09974990 0.40691099
0.54801399 -0.13014901 0.32075301
0.54821301 0.13097300 0.31936800
0.54734802 -0.14489099 0.31519699
0.54714501 0.14488401 0.31629100
0.54685199 0.14137200 0.33599499
0.54889202 -0.13189900 0.24992000
0.54831898 0.13104101 0.24718700
0.54903698 -0.12529200 0.31332999
0.54904097 0.12530600 0.31317899
0.54935098 -0.11383000 0.33353099
0.54935098 0.11376100 0.33353099
0.55139297 -0.08017860 0.17171200
0.54952002 0.08031120 0.17114800
0.55150700 -0.03323640 0.16015300
0.55071098 0.03490270 0.16008000
0.55070603 -0.14053500 0.29524401
0.55068099 0.14049500 0.29499999
0.55171800 -0.13436900 0.27965799
0.55206299 -0.13888299 0.30800200
0.55231202 0.13907699 0.30803099
0.55116701 -0.14654200 0.39377400
0.55195099 0.14788599 0.39346701
0.55181801 -0.12925801 0.30482301
0.55203700 0.12949400 0.30416501
0.55316299 -0.14261401 0.32279399
0.55294502 0.14270100 0.32102901
0.55415601 -0.13542600 0.29552099
0.55289602 0.13531800 0.29716799
0.55244702 -0.14666300 0.35045600
0.55318201 0.14666501 0.35065401
0.55463898 -0.15167800 0.38111401
0.55408102 0.15177201 0.38097599
0.55385798 -0.13097800 0.34771901
0.55455297 0.13299200 0.35011300
0.55556798 -0.12025600 0.35589799
0.55539501 0.11788600 0.35402200
0.55409402 -0.06283140 0.16253200
0.55591500 0.06094180 0.16212700
0.55521798 -0.14217500 0.33318299
0.55528998 0.14208700 0.33356801
0.55649501 -0.13849001 0.32560599
0.55574000 0.13751601 0.32529500
0.55642301 -0.14534500 0.35652700
0.55642301 0.14527500 0.35652700
0.55593902 -0.10990400 0.41097301
0.55811602 0.10995200 0.41208801
0.55431598 -0.13339899 0.40441701
0.55735099 0.13623700 0.40588400
0.55734599 -0.13856600 0.34097901
0.55729800 0.13845301 0.34294599
0.55719501 -0.11144400 0.20929401
0.55941302 0.10903800 0.20719200
0.55778903 -0.14981200 0.39236400
0.55734801 0.14998700 0.39098001
0.55854499 -0.14535800 0.40003899
0.55953300 0.14576399 0.39966300
0.55874300 -0.03864880 0.15868901
0.55874300 0.03857940 0.15868901
0.55874699 -0.09625800 0.18826699
0.55722702 0.09839300 0.19024999
0.55965602 -0.05010300 0.40894601
0.55812699 0.05078110 0.40885600
0.55937201 -0.15079400 0.37671900
0.55847597 0.15012001 0.37283799
0.56255603 0.13849200 0.37672800
0.56762803 -0.07752490 0.17735700
0.56432801 0.08028830 0.17780100
0.56429201 -0.12941900 0.29514199
0.56107998 0.13192099 0.29487500
0.56116700 -0.12316000 0.37239099
0.56053799 0.12182900 0.37058601
0.56072903 -0.12057400 0.22666100
0.56109297 0.11959500 0.22396900
0.55778903 0.00162154 0.15706900
0.56445301 -0.07220870 0.39975399
0.56317103 0.07177670 0.40041399
0.56398499 -0.00003019 0.41705701
0.56607902 -0.12296100 0.24484600
0.56363899 0.12372100 0.24331599
0.56123102 -0.12277500 0.31116900
0.56294799 0.12140200 0.31254101
0.56320202 -0.14200100 0.40540999
0.56446999 0.14177001 0.40619501
0.56173199 -0.10477400 0.34962001
0.56233901 0.10426100 0.35040900
0.56581402 -0.12894700 0.32161799
0.56609303 0.12859200 0.31979400
0.56621599 -0.14638200 0.40087000
0.56507403 0.14729300 0.39895299
0.56690598 -0.14729699 0.39163899
0.56653702 0.14770500 0.39069501
0.56584102 -0.12594700 0.27156901
0.56443000 0.12652300 0.27002600
0.56823599 0.00456389 0.16188399
0.56693298 0.13607600 0.41090101
0.56693298 -0.13614599 0.41090101
0.57195199 -0.12653901 0.39298901
0.56830901 0.13074900 0.38782299
0.56867301 -0.09963910 0.37567300
0.56867301 0.09956980 0.37567300
0.56757098 -0.08399380 0.40711400
0.56871301 0.08291140 0.40647399
0.56829101 -0.11458600 0.41436699
0.56863397 0.11579200 0.41422999
0.57208902 -0.08865910 0.19122601
0.56919998 0.09083890 0.19182700
0.57282698 -0.13755000 0.40791899
0.57237601 0.13839900 0.40795100
0.56944197 -0.11220600 0.33507299
0.57043999 0.11069800 0.33857200
0.57317102 -0.12694401 0.41481200
0.57220000 0.12746400 0.41483799
0.57104701 0.09913020 0.41132101
0.57239401 -0.09996610 0.41165400
0.57610899 -0.12039400 0.29288200
0.57548702 0.12107900 0.28532299
0.57433701 -0.10022400 0.20510700
0.57475501 0.10172400 0.20885199
0.57341599 -0.14060301 0.39763099
0.57478303 0.13908000 0.39918599
0.57486498 -0.10980200 0.22519000
0.57852101 0.10804700 0.22649699
0.57502198 -0.10624000 0.38849699
0.57502198 0.10617100 0.38849699
0.57564300 -0.10034200 0.35615599
0.57517600 0.10055600 0.35440701
0.57546002 -0.11463500 0.35179499
0.57434398 0.11620200 0.34839100
0.57636100 0.00014473 0.16400100
0.57758200 -0.05433720 0.16788000
0.57783997 0.05376860 0.16774200
0.57859403 -0.12792000 0.41159201
0.57826501 0.12886900 0.41228300
0.57946700 -0.12385800 0.40714601
0.57946700 0.12378900 0.40714601
0.58115399 -0.11420700 0.24640100
0.57990599 0.11486300 0.24711400
0.58003902 -0.02848580 0.16475800
0.57998002 0.02257750 0.16456801
0.58069003 0.11646800 0.41541600
0.58044398 -0.11749200 0.41571200
0.58074701 -0.11453000 0.31361699
0.57966799 0.11634500 0.30471900
0.58073503 -0.09724530 0.37522399
0.58073503 0.09717590 0.37522399
0.58263201 -0.09765500 0.39282200
0.58263201 0.09758570 0.39282200
0.58270597 -0.08387470 0.39945999
0.58299601 0.08397710 0.39955199
0.58384502 -0.09572870 0.40825000
0.58360398 0.09600320 0.40854001
0.58464402 -0.11036400 0.40887699
0.58461797 0.11028600 0.40894401
0.58482897 -0.07038200 0.39191201
0.58516502 0.06930080 0.39212799
0.58579201 -0.00452360 0.16327000
0.58566099 -0.11566400 0.26688200
0.58440202 0.11598100 0.26488200
0.58750802 -0.04976720 0.39936501
0.58460099 0.05071530 0.40042499
0.58762503 -0.10651900 0.34928799
0.58782399 0.10638800 0.34805900
0.58680701 -0.00821806 0.19451199
0.58690602 0.00859000 0.19444799
0.58787602 -0.10630900 0.40039200
0.58791697 0.10451900 0.39971200
0.58821797 -0.09210680 0.39477700
0.58821797 0.09203750 0.39477700
0.58621299 -0.08981890 0.20559900
0.59079498 0.08746670 0.20618400
0.58998001 -0.06012650 0.17633200
0.59079200 0.06305570 0.17819600
0.58959198 -0.08665580 0.37819099
0.58903402 0.08600310 0.37997901
0.59260798 -0.07263310 0.18928500
0.59108102 0.07418020 0.19046400
0.58973002 -0.02523570 0.40378401
0.59260899 0.02659100 0.40167701
0.59186298 -0.00003467 0.19184500
0.60231602 -0.09257940 0.22061300
0.59560299 0.09723870 0.22409999
0.59343302 -0.04743250 0.16883700
0.59303498 0.04499280 0.16801500
0.59289199 -0.02460300 0.15957600
0.59136701 0.02474000 0.16035600
0.59255099 -0.03383360 0.19067501
0.59280801 0.03426290 0.19086000
0.59279799 -0.03066460 0.17415699
0.59279799 0.03059530 0.17415699
0.59214300 -0.10287500 0.33037701
0.59330899 0.10161000 0.33227801
0.59778798 -0.11152700 0.28551799
0.59755200 -0.00198191 0.15702200
0.59698302 -0.00003467 0.17121600
0.59856701 -0.10319100 0.23991600
0.59543198 0.10550900 0.24371301
0.60093999 -0.00186015 0.39694199
0.59892398 -0.04391100 0.17871700
0.59977502 0.04531880 0.17770900
0.60404003 -0.02020480 0.14926600
0.60381103 0.02208910 0.14967699
0.59991199 -0.08822150 0.35620099
0.59973001 0.08809450 0.35663801
0.59970403 -0.07182000 0.37703499
0.60449100 0.07054570 0.37299401
0.60347700 -0.05221040 0.17699900
0.60347700 0.05214100 0.17699900
0.60701501 0.00033284 0.14465301
0.60389203 -0.05464660 0.19346100
0.60186702 0.05079400 0.19236900
0.60096300 -0.03833760 0.16012500
0.60073900 0.03753030 0.15988700
0.60552698 -0.10638700 0.25629899
0.60392398 0.10735000 0.26015699
0.60295397 -0.05755120 0.17376401
0.60365999 0.05353370 0.17055000
0.60846901 -0.07808900 0.20283400
0.61007798 0.07535520 0.19987300
0.60844302 -0.05015580 0.38360101
0.60461098 0.05258100 0.38541299
0.61697000 -0.09307050 0.23408300
0.61580199 0.08890300 0.22517100
0.61169302 -0.06085360 0.19383900
0.60941201 0.05993330 0.19393300
0.61505401 -0.10527900 0.27263600
0.61136901 0.10690500 0.27862599
0.62649500 -0.02150200 0.37518901
0.61627102 -0.02140840 0.13667101
0.61619198 0.02136850 0.13679101
0.61200899 -0.04616600 0.16093400
0.60953701 0.04577910 0.16162500
0.61630303 -0.03726800 0.14610100
0.61702698 0.03889390 0.14615300
0.61560601 -0.05903830 0.18072399
0.61611402 0.05532020 0.17549799
0.62030500 -0.00109524 0.17862000
0.61954200 -0.08421050 0.34129599
0.61744899 0.08780810 0.33736500
0.62668103 -0.06397260 0.18838200
0.62783802 0.06338680 0.18771100
0.62253898 -0.10290400 0.29037601
0.62508100 0.10178800 0.28982499
0.62643403 -0.00101759 0.11757000
0.62475997 -0.06698480 0.35691601
0.62045002 0.07105330 0.35752001
0.63457900 -0.03721150 0.14525500
0.63415098 0.03351900 0.14574400
0.62445003 -0.09781520 0.25409999
0.62686002 0.09736750 0.25575101
0.62472397 -0.07718590 0.21004499
0.63041300 0.07106810 0.20206000
0.62808001 -0.03380860 0.12775899
0.62790298 0.03550770 0.12941800
0.62987697 -0.04001890 0.18885399
0.63134199 0.04261260 0.18939500
0.62375802 -0.05086590 0.17159900
0.62559998 0.04863520 0.16810100
0.62958300 -0.05711540 0.19550300
0.63028699 0.05639980 0.19520800
0.62078899 -0.09613710 0.31833199
0.62624300 0.09624320 0.31056300
0.63419098 -0.04445630 0.13912299
0.62647301 0.04530000 0.14835000
0.62893403 0.00068733 0.15151700
0.63437003 -0.09612570 0.26757500
0.63372201 0.09670950 0.27074400
0.63525301 -0.08055920 0.22713800
0.63282400 0.07782300 0.21933401
0.63872498 -0.09426670 0.28959501
0.64042300 0.09290500 0.28766599
0.63836902 -0.01929640 0.10349300
0.63812202 0.01943660 0.10384300
0.63873303 -0.05257300 0.17141500
0.63889802 0.05184170 0.17031500
0.64174497 -0.08603180 0.24812999
0.63865602 0.08750640 0.24737300
0.64231098 -0.03195900 0.10793000
0.64050603 0.03274120 0.10975300
0.64103198 -0.00209287 0.10061600
0.64029402 -0.08993070 0.30845201
0.64206898 0.08912910 0.30742601
0.64495802 0.00084749 0.13847201
0.64266998 -0.03906490 0.11807700
0.64247501 0.03925650 0.11878500
0.64665401 -0.00204996 0.18056101
0.64363098 0.05899340 0.19402599
0.64340597 -0.05922870 0.19430400
0.65094399 -0.06596570 0.19791099
0.65056902 -0.08298400 0.28795099
0.64932197 -0.08652330 0.27235600
0.64810503 0.08741610 0.26969901
0.64499998 -0.07089840 0.21251500
0.65017998 0.06826500 0.20758700
0.65493298 -0.01935420 0.13158600
0.65210301 0.02109440 0.13422500
0.64921802 -0.06951460 0.33723399
0.65437198 0.06691320 0.33482099
0.65259701 -0.04118850 0.12137600
0.65307099 0.04078010 0.12019200
0.64776301 -0.04422910 0.18951100
0.65588403 0.03934080 0.18743600
0.64942503 -0.04820800 0.17412300
0.65369302 0.04789410 0.17481101
0.65070403 -0.04842150 0.16853900
0.65131599 0.04839580 0.16871899
0.65001398 0.08318130 0.30052099
0.64837801 -0.08473040 0.30009401
0.65533698 -0.01414310 0.10183000
0.65234601 0.01256230 0.10104400
0.65539098 -0.05617400 0.19571701
0.65630299 0.05556210 0.19547001
0.65503198 -0.07138400 0.22816800
0.65179902 0.07291790 0.23004299
0.65516299 -0.07500370 0.29652601
0.65511400 0.07501850 0.29652101
0.65462297 -0.08056620 0.31712499
0.65370297 0.07993780 0.32002100
0.65556002 -0.03717110 0.12933201
0.65556002 0.03710170 0.12933201
0.65919697 0.07522910 0.26787499
0.65756702 -0.07709610 0.27216601
0.65905899 0.00020782 0.10082000
0.65585297 -0.07666520 0.25408000
0.65785497 -0.05383430 0.17794301
0.65490198 0.05364480 0.17728101
0.65795702 -0.07757790 0.30738699
0.65761101 0.07855800 0.30817500
0.65882200 -0.02840130 0.10229200
0.65888703 0.02837120 0.10241000
0.65703601 -0.03586540 0.10882400
0.65735000 0.03507500 0.10807200
0.65801102 -0.04456270 0.34520501
0.65635502 0.04661180 0.34591699
0.66463000 -0.06221830 0.18887199
0.66453099 0.06224350 0.18917200
0.66359597 0.05873860 0.28506500
0.66376001 -0.05822140 0.28481701
0.66343403 -0.06969680 0.32379499
0.66315502 0.06942170 0.32421899
0.66060698 0.00125235 0.34584299
0.66566801 0.04878400 0.17220700
0.66083801 -0.04914480 0.17151099
0.66341001 -0.00870368 0.12444500
0.66491300 -0.03619750 0.11289900
0.66475302 0.03667110 0.11283100
0.66641700 -0.06021980 0.30297199
0.66829002 -0.04941800 0.17711100
0.66689801 0.04930420 0.17746000
0.66594899 -0.02373080 0.34324801
0.66535300 0.02499580 0.34385899
0.67106497 -0.06585420 0.19819200
0.67327797 0.06565030 0.19939300
0.66674697 -0.03720200 0.12387600
0.66745800 0.03649370 0.12375200
0.66553402 -0.06686960 0.25883400
0.66279602 0.06999440 0.25189799
0.66708601 -0.03268000 0.11773800
0.66708601 0.03261060 0.11773800
0.66809499 -0.06576570 0.31169900
0.66720003 0.06803610 0.31262800
0.66789699 -0.06107670 0.30281699
0.66841799 0.06050240 0.30497399
0.66796601 -0.06569620 0.24060000
0.66470599 0.06798120 0.23817900
0.66760701 0.03755240 0.11939200
0.66740900 -0.03757530 0.11896000
0.66824299 -0.05669030 0.32793400
0.66868401 0.05427370 0.32872301
0.66912001 0.04091330 0.28465399
0.66912001 -0.04098260 0.28465399
0.66832101 -0.01760280 0.10498700
0.66890502 0.01414260 0.10497200
0.66655803 -0.06142270 0.27207100
0.66705400 0.06229620 0.26874301
0.67653000 0.04578590 0.30856201
0.67108798 0.02681880 0.11317600
0.67217398 -0.01937590 0.11673400
0.67217398 0.01930650 0.11673400
0.67260700 -0.04015300 0.29356301
0.67477298 0.03837030 0.29332200
0.67344999 -0.00003467 0.10490600
0.67589998 -0.03676320 0.28453800
0.67601001 0.03663690 0.28447899
0.67499202 0.04997970 0.26605001
0.67497802 -0.05073150 0.26540700
0.67352003 0.00075742 0.11632400
0.67578900 0.02707430 0.12227100
0.67587203 -0.02659140 0.12224900
0.67444402 -0.05845840 0.25383699
0.67264098 0.06052110 0.25317499
0.67623299 -0.06612650 0.21444100
0.67195702 0.06701220 0.21827500
0.68196201 0.04785610 0.17124701
0.68033201 -0.04973280 0.17400800
0.67856199 -0.03958540 0.27343601
0.67777801 0.03923870 0.27439201
0.67694002 -0.05806100 0.18426099
0.67413700 0.05737190 0.18436500
0.67712998 -0.03597140 0.32876199
0.67650098 0.03389580 0.33004999
0.67643303 -0.04641940 0.31831101
0.67872101 0.04068310 0.31898099
0.67780697 -0.01987750 0.11420500
0.67631400 0.01784540 0.11202200
0.67862201 -0.02756530 0.12076100
0.67630398 0.03074110 0.12091600
0.67818397 -0.05824260 0.17967100
0.67943299 0.05791260 0.17904100
0.67946500 -0.00066655 0.12090500
0.68020397 -0.05630660 0.18876700
0.68020397 0.05623720 0.18876700
0.67887199 -0.01704470 0.32748801
0.67934102 0.01657590 0.32689500
0.67997402 -0.00034005 0.32192400
0.68005103 -0.03787790 0.30581501
0.68081099 0.03651060 0.30481699
0.68528903 -0.06179050 0.22888499
0.68033803 0.06164850 0.23369101
0.68287700 -0.01342750 0.12034800
0.68223399 0.01735490 0.11975500
0.68384397 -0.06402750 0.18867899
0.68522000 0.06397670 0.18885800
0.68558300 -0.02640540 0.31057799
0.68567199 0.02581470 0.31057900
0.68322998 0.05379920 0.24966700
0.68394601 -0.00070425 0.12034800
0.68459398 -0.03191080 0.30020899
0.68476099 0.03129880 0.29664499
0.68972600 0.03136390 0.28244901
0.68622601 -0.03162870 0.28655401
0.68753302 -0.03624010 0.18677001
0.68714100 0.03598130 0.18674400
0.68837398 0.01121670 0.30861801
0.69136602 -0.00998886 0.30327100
0.69054198 -0.05659210 0.18236400
0.69054198 0.05652280 0.18236400
0.69282502 -0.02163660 0.29350901
0.69290203 0.02083610 0.29380101
0.69410801 -0.04701340 0.18413700
0.69306898 0.04809370 0.18420200
0.69306701 -0.06481620 0.19777100
0.69292903 0.06533070 0.20184700
0.68968803 -0.04548510 0.25766301
0.69560701 -0.04971660 0.17395400
0.69523501 0.05002530 0.17434900
0.69791502 0.03301320 0.27171400
0.70038599 -0.03476890 0.26715800
0.70139700 -0.01211670 0.28860399
0.69906300 0.00800454 0.29161301
0.69422102 0.05586300 0.23641001
0.69572699 -0.05750610 0.17842799
0.69666201 0.05810410 0.17949300
0.70293999 -0.01928630 0.18083200
0.70118600 0.02251220 0.18135899
0.70007998 0.04893910 0.16790199
0.69955701 -0.05021790 0.16938899
0.69437498 0.00083414 0.18077900
0.69711399 0.06394940 0.21262500
0.69802999 -0.06352960 0.21398801
0.69775301 0.04444680 0.16595200
0.69902998 -0.04448710 0.16566101
0.69960201 -0.02486000 0.28099501
0.70485300 0.02344110 0.27783799
0.70998901 -0.04246720 0.16882899
0.70763397 0.04156190 0.16650000
0.70552701 0.04506360 0.16979600
0.70371300 -0.05999470 0.18715300
0.70286900 0.06064280 0.18857799
0.70854199 -0.05211410 0.17643200
0.70764899 0.05090810 0.17417400
0.70937699 -0.00986433 0.18115300
0.70724797 0.01033330 0.18158901
0.70756900 0.04654950 0.24278000
0.71011400 -0.04448630 0.24454100
0.70925301 -0.03810340 0.18186300
0.70842201 0.03777190 0.18202600
0.71448100 -0.01344860 0.27476501
0.71359199 0.01348040 0.27545500
0.71024603 -0.00065753 0.28058499
0.71335000 -0.04420160 0.17710599
0.71324003 0.04304320 0.17786300
0.71262097 -0.05970390 0.20188899
0.71217102 0.05983120 0.20047000
0.71055800 0.05696380 0.22010100
0.70951200 -0.05560600 0.22455500
0.71578199 -0.01835340 0.17821699
0.71661800 0.01894000 0.17844300
0.71654999 -0.05255510 0.18578599
0.71664602 0.05398370 0.18784501
0.71796000 -0.03629380 0.17249200
0.71796000 0.03622440 0.17249200
0.71657997 -0.00003467 0.17768200
0.71836197 -0.04477640 0.17775600
0.71790302 0.04402430 0.17682999
0.72011203 0.05378080 0.21262901
0.72107702 -0.05345410 0.21211700
0.71921301 -0.02701110 0.26185900
0.72077203 0.02669800 0.26087201
0.72634900 -0.04367960 0.18878400
0.72549200 0.04477200 0.18873300
0.72736400 0.04806680 0.20238000
0.72645903 -0.04854920 0.20090300
0.72567701 -0.03023390 0.18075600
0.72757101 0.02889460 0.18169700
0.72825497 -0.03687890 0.24062400
0.72834897 0.03701190 0.23999999
0.73028898 -0.01867670 0.18150499
0.73028898 0.01860740 0.18150499
0.72753400 -0.00013602 0.18184701
0.73159099 -0.03182920 0.18725200
0.73234802 0.03043340 0.18860599
0.73052800 -0.01601710 0.25967401
0.72970700 0.01488310 0.26100501
0.73043400 -0.00108540 0.26302800
0.73693800 0.01625530 0.19221599
0.73519301 -0.01913670 0.19994999
0.73519301 0.01906740 0.19994999
0.73614800 -0.01480190 0.19148900
0.73641998 -0.02810180 0.20842500
0.73636103 0.02820300 0.20849800
0.73418200 -0.02622070 0.24827100
0.73460299 0.02596050 0.24795800
0.73643100 -0.03294410 0.20541300
0.73545200 0.03425000 0.20373200
0.73843402 -0.03321760 0.21475101
0.73688501 0.03411520 0.21151499
0.73420697 -0.03679560 0.22739901
0.73477697 0.03688620 0.22325300
0.73803002 -0.02395640 0.20086800
0.73777401 0.02629710 0.20237300
0.74015099 -0.02138160 0.20687100
0.73886597 0.02092940 0.20537800
0.73886800 -0.01400220 0.20148601
0.73862499 0.01784290 0.19887400
0.74272501 -0.01231280 0.24822900
0.74043900 0.01240940 0.25071201
0.74162501 -0.00709163 0.19815600
0.74305397 0.00754578 0.20065300
0.74677998 0.00053934 0.24504800
0.74518901 0.02445770 0.21337201
0.74630100 -0.02445700 0.21480399
0.74626398 0.02480190 0.23276500
0.74423599 -0.02611860 0.23447099
0.74873298 -0.02531030 0.21762900
0.74873298 0.02524090 0.21762900
0.74929702 -0.00804557 0.20806301
0.75123101 0.00748107 0.21026599
0.75013399 -0.01424740 0.23540901
0.74901301 0.01055880 0.23948599
0.75146502 -0.01479850 0.21152200
0.75105900 0.01541940 0.21169800
0.75322002 -0.00105393 0.23304600
0.75382799 -0.01249630 0.21877700
0.75443298 0.00968828 0.21886000
0.75334799 0.00038523 0.21121700
0.75411701 -0.01076240 0.22738500
0.75335199 0.01201600 0.22840500
0.75607401 0.00113097 0.22192700
0.06385740 0.00154142 -0.08908180
-0.06016590 -0.10815400 0.16973300
-0.30665901 -0.14087000 -0.04011940
0.05914310 -0.13147900 0.10109300
-0.06246820 -0.10204000 0.19140300
-0.06602860 0.09857280 0.19579600
0.04462670 -0.07530530 0.23530500
-0.29934499 0.14122200 -0.04008820
0.04317830 0.07699350 0.23342900
-0.05726080 0.10838500 0.16995800
-0.29653201 -0.14325100 0.03093960
-0.30382499 0.14299600 0.03243220
0.05686010 0.13203700 0.09681500
0.09942440 0.04481350 -0.07340570
0.26536599 0.00099728 0.32323900
0.38328201 -0.15081500 -0.34282699
-0.34272999 0.09455840 -0.27753401
0.61327100 0.01726100 0.16033900
-0.30265400 -0.14332800 -0.00284127
0.61670703 -0.04969350 0.16651601
0.62028402 -0.05569790 0.18132800
0.61542201 0.04999100 0.16668300
0.61847800 0.05631160 0.18304899
0.61355603 -0.03297460 0.15974700
0.61920100 0.03690310 0.15651400
0.63248801 0.04434690 0.14955100
-0.30494899 0.14335500 0.00110946
0.65216899 -0.04200370 0.13431799
0.65126300 0.04164080 0.13485999
0.70325398 -0.04945910 0.17957801
0.70003003 0.05126110 0.17998900
-0.27823699 -0.04560930 -0.11275200
-0.85875499 -0.00003467 0.15434800
-0.47222501 -0.03541200 0.16748600
-0.47161201 0.03590310 0.16700201
-0.37328300 0.04188020 -0.09930070
-0.36280999 0.11229800 -0.24216300
0.17018101 -0.03351590 -0.06487060
0.16664299 0.03729170 -0.06468660
0.49939901 -0.07591410 0.15572099
0.50153399 0.07475370 0.15515800
0.51971602 0.12179100 0.28095999
0.52479398 -0.11829700 0.35970700
0.56101799 -0.11129200 0.36463001
0.55097300 0.13137600 0.33423099
0.55670202 -0.13057999 0.30251899
0.55801201 -0.13252200 0.30621099
0.55686897 0.12992100 0.30313900
0.55952698 0.13243200 0.30954799
0.55620801 0.14791501 0.39124900
0.62999099 -0.05980700 0.19390801
0.62467301 -0.05634640 0.18702599
0.62883598 0.05979790 0.19389300
0.62528801 0.05623810 0.18702200
0.62511402 -0.04689890 0.15797500
0.62320602 0.04722290 0.15905900
0.32543501 -0.07595560 -0.18333700
0.62764603 -0.05582960 0.17748700
0.62654001 0.05477740 0.17849800
0.10491200 -0.03936110 -0.07435240
0.63465601 -0.05398700 0.18380500
0.64263201 -0.05122770 0.17963800
0.64262903 0.05115000 0.17962199
0.66266799 0.06625480 0.30198801
0.48547500 -0.08949860 0.17360701
0.67807698 0.00755576 0.11345000
0.69143498 0.04326590 0.25915399
0.29456100 -0.12782000 0.22132900
0.09887540 -0.08723350 -0.04573380
0.22913601 -0.10019900 -0.22935501
0.71618801 -0.03925490 0.17927299
0.12647900 -0.07976130 -0.05117570
0.12479700 0.08030560 -0.05109260
-1.16276002 -0.02027270 0.22097200
-0.70566201 0.02512870 0.15572999
-0.57368100 -0.02961150 0.14761101
0.48783299 0.08809310 0.17160800
0.39621499 0.13842700 -0.31517899
0.35900801 0.06507400 -0.29750100
0.49306199 -0.08479270 0.16283700
-0.42288500 0.06073670 -0.01392230
-0.42426199 -0.06143180 -0.00972813
-0.57047200 -0.03627870 0.16027699
-0.68220103 0.02841440 0.16640601
-0.57370502 0.03045560 0.14809400
0.48653901 -0.11174100 0.28908601
-0.34688100 0.10884000 -0.24664600
0.54016501 -0.13154800 0.26717299
-0.83710802 -0.00003467 0.22235601
0.47817001 0.10730300 0.20106700
-0.84146303 -0.02274340 0.20969000
0.47703901 -0.10741900 0.20079200
0.48467901 -0.11438100 0.24964701
0.47955701 0.06425110 0.38401100
0.49536401 0.08374170 0.16208699
0.52733898 -0.12562799 0.37186801
-0.56899798 0.03622810 0.15993300
-0.65601498 -0.00003467 0.14111599
0.52678901 -0.01944510 0.13498700
-0.58794498 -0.03419570 0.17634200
-0.58705902 0.03404990 0.17655800
0.32416499 0.11097700 -0.19486900
0.73047203 0.03951100 0.19623300
-0.66716498 0.03425790 0.17727999
-0.70437300 -0.02417590 0.15528899
-0.27819499 0.04560380 -0.11323900
-0.77670598 -0.03236210 0.18411601
-0.55954701 -0.01723530 0.14036199
-0.55660200 -0.03266170 0.18007000
-0.41531500 0.10006300 -0.01567210
-0.28210500 -0.02680920 -0.04318300
-0.72180402 -0.00003467 0.21962900
-0.40411699 -0.07037840 -0.08788100
-0.56361300 -0.02417660 0.19329000
-0.23820201 0.05093320 -0.03299080
-0.23820201 -0.05100250 -0.03299080
0.56567103 -0.13539401 0.38344100
-0.59634697 0.03575940 0.16696900
-0.55469799 0.03196560 0.18139800
0.52572203 0.01915190 0.13352700
0.56625700 0.02956600 0.41153201
-0.53720099 -0.02144810 0.14146000
0.61763299 0.02496780 0.38220701
-0.59582502 -0.03579550 0.16582599
-0.57133800 0.02441920 0.19455300
-0.23429100 0.06062550 -0.06095330
-0.32790101 0.03362510 -0.11493800
0.52931601 -0.08903370 0.38909200
-0.66636503 -0.03435200 0.17720500
-0.54864001 0.01788070 0.14054701
-0.55148900 -0.01395800 0.19709399
0.63827801 0.06544850 0.19433700
-0.55448103 0.01466990 0.19740200
0.73262101 -0.03684490 0.19635600
-0.60451102 0.02741330 0.14927700
0.29451501 0.14082600 -0.16891900
-0.74752200 -0.02276620 0.20809700
-0.25833100 -0.00003467 -0.03520610
-0.80358899 0.02410800 0.16199701
0.38078699 -0.14797100 -0.32408401
-0.36482501 -0.01965300 -0.03424190
-0.36703500 0.01991980 -0.03382450
-0.41556901 0.04381290 -0.01200310
-0.41556901 -0.04388220 -0.01200310
-0.65424800 0.02518220 0.20392799
-0.60563999 -0.02737110 0.14932001
-0.84969199 0.02223430 0.21097200
-0.55094701 -0.00003467 0.20223901
0.61254102 -0.03575680 0.18913700
-0.26077899 0.03649760 -0.04972570
-0.76143700 0.03249720 0.18364300
-0.31408301 -0.01893250 -0.04625850
0.33062100 0.10267900 -0.15447800
-0.86280298 0.03256390 0.18881699
-0.40154600 -0.09860210 -0.08084130
-0.74528003 0.02269940 0.20804299
-0.39104399 0.03063580 -0.02063400
-0.34923100 0.01073550 -0.00924625
-0.34923100 -0.01080480 -0.00924625
-0.55149198 -0.03598560 0.16796400
-0.56526202 -0.00003467 0.13586400
-0.30459699 0.03684930 -0.11423400
0.63132101 0.05087930 0.36448300
-0.42691299 0.08275610 -0.01626680
-0.55108798 0.03588850 0.16861400
-0.53219497 -0.02498530 0.18686800
-0.41326001 -0.08378810 -0.08423490
-0.42599300 -0.01607500 0.03796840
-0.74065202 -0.00129912 0.14913400
0.29470599 0.14960299 -0.11048900
-0.79919398 -0.02377390 0.16169800
0.51102197 -0.05430140 0.14311700
0.51182902 0.05379170 0.14336000
0.71567202 0.00912150 0.17876901
-0.38920599 0.11738000 -0.38263100
-0.55038202 -0.03233020 0.14693600
-0.34149599 0.09995430 -0.25343701
-0.29419899 0.01715400 -0.02067820
-0.29786500 -0.01615830 -0.02043640
-0.37887099 0.03867570 -0.05895380
0.50339800 0.10174300 0.34018901
0.50339800 -0.10181200 0.34018901
-0.37629500 -0.03617890 -0.05704200
0.72961098 -0.00935581 0.18245700
-0.32439801 0.06214770 -0.23556700
-0.58068299 0.03046530 0.18832000
0.64114600 0.02123170 0.36378300
0.61578000 0.09725170 0.24338000
-0.97640097 -0.02408010 0.21951000
-0.30599999 0.06450230 -0.42846000
-0.58242202 -0.03058420 0.18823300
-0.87043399 -0.03247980 0.18865199
0.21457700 0.10472400 -0.17301600
-0.28517801 0.02752290 -0.04875630
0.26912200 0.15394700 -0.11796400
0.63710803 -0.04903060 0.36022499
-0.35636500 -0.00003467 -0.00138379
-0.41887999 -0.01915040 0.02319620
0.21382999 -0.10688700 -0.16930100
0.22275600 0.13973001 -0.11446200
0.36449599 -0.16159800 -0.32031599
-0.54915500 0.02417650 0.19052200
0.19986700 -0.09809380 -0.11037900
0.19919699 0.09970350 -0.11037400
0.72535902 0.03733310 0.18183300
-0.38842699 -0.03034960 -0.02401630
-0.33826399 -0.02032440 -0.04964670
-0.33993801 0.01870770 -0.04446770
0.66641802 -0.04956770 0.28454801
-0.26183799 0.05728310 -0.10920500
0.53602302 0.14166300 0.36806700
0.64595002 -0.01036940 0.35899401
0.20968200 0.07900980 -0.10576500
-0.39121601 -0.03793030 -0.36346301
-0.53991699 -0.03656190 0.15554801
0.35929400 0.09147540 -0.35950601
-0.38600299 0.11495300 -0.36385900
0.52010000 -0.10761700 0.35734501
-0.31599101 0.01872760 -0.04651170
0.27846500 0.13741601 -0.21036600
0.24661200 0.14212701 -0.16002400
0.39161199 0.07560810 -0.30537301
0.26092100 0.14309900 -0.17100801
-0.40092099 -0.02418750 0.01080530
-0.40307599 0.02519800 0.01174840
-0.31932601 -0.06803120 -0.42715299
-0.37320799 0.11442200 -0.25398299
0.52376503 0.12492300 0.29479301
0.20364800 0.08870630 -0.11023300
0.52142501 -0.12326600 0.28616801
-0.33655900 0.09486740 -0.25467300
-0.34808800 0.10488500 -0.25443599
-0.54566699 0.03322450 0.14701700
0.37435099 0.07265110 -0.29930499
0.63225001 -0.01981720 0.14754900
-0.33862299 0.15019201 -0.39624500
0.20640500 -0.08543560 -0.11180600
0.19702201 -0.11185600 -0.10849900
-0.20362200 0.02262790 -0.03377680
0.20510601 0.13068700 -0.09723290
0.57753903 0.10858900 0.36036301
0.72150499 -0.03491820 0.18009700
-0.29564700 -0.06234510 -0.37270501
0.67207098 0.02321990 0.18493199
0.24615900 0.15340900 -0.09856220
0.51071203 0.10513200 0.35103899
0.50988400 -0.10337100 0.35419899
0.74262500 0.03028560 0.22054900
0.19914301 0.11317500 -0.11318000
0.52529800 0.12004400 0.36084801
0.38756201 -0.14396800 -0.31603101
-0.54040903 0.03631130 0.15392700
0.39975300 0.06361180 -0.31488499
0.54311502 0.01866510 0.15199900
0.72206098 0.04568130 0.22878800
0.72387397 0.02267560 0.17726099
-0.29490399 -0.05640410 -0.37704301
-0.58371800 -0.01271710 0.20416300
-0.58355898 0.01369530 0.14016500
0.68836898 -0.05507440 0.24291900
-0.33352801 0.09618430 -0.24842601
0.64384598 -0.05540360 0.18738000
0.50661898 0.06865000 0.14757399
0.59615099 -0.11004900 0.30467600
0.64058203 -0.06899960 0.20192200
0.52651501 0.12511800 0.31268299
0.35352799 -0.12557399 -0.30114099
0.74429399 -0.01439030 0.20649400
-0.34327999 -0.09550190 -0.30179700
0.22201601 0.07697800 -0.16162200
0.50449502 -0.06871710 0.14637500
0.31524101 0.12403600 -0.19320799
-0.26795700 -0.08395200 -0.38270700
0.66729599 -0.03664890 0.18695401
0.66653198 0.00956097 0.12191900
0.66212797 -0.06495320 0.29598299
0.72283697 -0.03716820 0.17859100
0.38310200 -0.15335400 -0.33503899
0.66886199 -0.05213580 0.27671000
0.63858402 -0.04322030 0.14079900
0.38584799 0.06176130 -0.30560499
0.60720599 0.10560200 0.30418500
0.66953999 -0.04528860 0.29166400
0.21532300 0.08818240 -0.16463400
0.21524900 -0.08692810 -0.16333900
0.51262200 0.07582250 0.38757101
0.51688802 -0.07578900 0.38970700
-0.34163001 -0.09904690 -0.25499001
-0.57491302 -0.00003467 0.20826600
0.52095598 0.11089700 0.35192701
0.61821502 0.06053520 0.19408999
0.37275901 0.15581501 -0.31976300
0.63992900 -0.06102940 0.18517300
-0.32769200 0.12906100 -0.37951100
0.60649401 0.06310120 0.18306400
-0.36305201 -0.11160500 -0.24417301
-0.29595599 -0.10124300 -0.37549600
-0.29869300 0.10074800 -0.37415099
0.66962200 -0.00156448 0.18130000
0.35056901 -0.11240600 -0.35937601
0.27715701 -0.04505930 -0.29243299
0.64666498 -0.02906200 0.35840300
0.23445401 0.11131000 -0.22896700
0.73137498 0.04218600 0.20804200
0.73140800 0.04115840 0.20305599
0.66464001 -0.05811740 0.18940800
0.66553801 0.05800580 0.18916100
-0.34272200 -0.01476090 -0.02775650
0.72415501 -0.04572090 0.22602300
0.73390001 0.03234170 0.19616900
0.64199197 -0.02378870 0.18497001
0.72891998 0.03760270 0.18866999
0.65700102 -0.05247280 0.18326800
0.65952301 0.05349280 0.18420300
0.71804702 -0.03647930 0.17697200
0.62506598 0.01995170 0.12277300
-0.29385200 -0.05611610 -0.37375101
0.22774300 0.10018500 -0.22312100
0.64775002 0.06082290 0.18557200
-0.30856800 0.13866000 -0.38934100
0.31835499 0.12809099 -0.14561100
0.67175603 0.04229920 0.29021800
0.23357999 0.14792401 -0.10508800
0.53351802 0.13661399 0.33447200
0.60791498 0.01782900 0.18466400
0.60713798 -0.01745360 0.18462500
0.28256199 -0.13333100 -0.25224799
0.37372899 -0.15531801 -0.31988600
0.34110200 0.05970880 -0.28735501
0.32131299 -0.15416400 -0.34610000
-0.31164399 -0.00003467 -0.01729010
0.67151499 -0.03288270 0.11728200
0.63906598 0.01645490 0.18375599
0.67738497 -0.01648940 0.12183400
-1.02735996 0.02329780 0.22434200
-0.31923500 0.13271800 -0.38390499
0.72791100 0.02166220 0.18212500
0.67150402 0.04612190 0.29735300
-0.27433801 -0.06106020 -0.39751500
0.66297400 0.02313010 0.12359400
0.38897800 0.07099160 -0.30624300
0.72217399 0.03295360 0.17940301
0.72217399 -0.03302290 0.17940301
0.57628697 0.08910530 0.40529501
0.54657799 -0.14562599 0.34804299
0.75133997 0.01879400 0.21868600
0.60492003 0.03303750 0.16577201
0.53448302 -0.13677201 0.33038399
-0.25914100 -0.07720670 -0.40227100
0.29935500 0.13055600 -0.25677001
0.55257702 -0.14893700 0.38758200
0.67729503 0.01251900 0.12093900
0.62394601 -0.01867480 0.18312301
0.54235202 -0.14274999 0.34430000
-0.31832799 -0.13243601 -0.38369900
0.61917901 0.04708540 0.19110499
0.34494400 0.08150210 -0.28097400
0.62218201 0.02038580 0.18381301
0.67057103 -0.05490040 0.30520099
0.66956103 0.04381330 0.29046699
0.67275399 -0.03300860 0.12230600
0.53682399 -0.13773701 0.34235501
-0.39019299 0.03759920 -0.36415499
-0.29100701 -0.09675770 -0.37566599
-0.29069301 0.09706060 -0.37615100
0.37867799 -0.15032800 -0.32150701
0.67458099 -0.02602080 0.11565600
0.62912297 0.09068780 0.32136300
0.40985799 -0.11025800 -0.33559400
-0.33072999 0.10157000 -0.42925301
0.72825199 0.01442990 0.18255299
0.72310501 -0.01371070 0.18062800
-0.53351998 0.03230520 0.17650400
0.60740000 -0.01737090 0.16396300
0.53206003 -0.13094001 0.32064199
0.38657799 -0.12240900 -0.30207500
-0.27255899 0.06130740 -0.40136200
0.37779701 -0.13171200 -0.30251399
0.61589801 0.00155639 0.13548200
0.35740501 0.04223900 -0.35464999
-0.34047699 -0.09282210 -0.27261901
-0.28007999 -0.04863030 -0.38537899
0.56398702 -0.01844440 0.16042900
0.35214600 0.08957060 -0.28913000
-0.39382201 0.08931570 -0.40562901
0.65336001 0.07730810 0.24786900
-0.27031600 -0.07311480 -0.38183001
0.55075800 -0.01850970 0.15505800
0.55843401 -0.01426600 0.15992200
-0.39441699 0.00877447 0.01182350
0.57878101 0.11628500 0.33175501
-0.39460400 -0.00982149 0.01162260
0.37689900 -0.07414150 -0.29981101
-0.53107500 0.02285740 0.18792900
0.67271298 0.05544880 0.31507400
0.22654100 0.11754700 -0.19127600
0.41123301 0.10938400 -0.33570400
0.52095902 0.11977400 0.24901301
0.34591299 -0.07334680 -0.35967100
-0.33276901 -0.07264440 -0.25539601
-0.33211401 0.07231280 -0.25468001
0.61531103 0.05126020 0.17371900
0.62804699 -0.02124500 0.11947700
0.64427698 -0.04247760 0.13122800
0.41848299 -0.09639920 -0.33255801
0.55624998 -0.14873400 0.36348900
0.35056800 0.03650290 -0.34571201
0.55048901 -0.15152200 0.37062499
0.63813299 0.06904780 0.34581199
-0.33911699 -0.09624470 -0.25901100
-0.33996800 0.09817250 -0.25800499
-0.26982999 0.06769940 -0.38837901
0.32918599 -0.13713799 -0.30313200
0.57957798 -0.11550100 0.33364600
-0.29339701 0.08624680 -0.36840400
-0.32836100 -0.06224030 -0.24708200
0.69020200 0.01936690 0.18409900
0.69038200 -0.05237990 0.17244101
0.37307400 -0.10791300 -0.35978401
0.56398702 0.02016970 0.16042900
-0.31732500 -0.12635601 -0.37360999
0.61153102 0.03509840 0.18908300
-0.40510601 0.05577840 -0.37163699
0.61690098 0.05594670 0.19455101
-0.34799701 -0.10470400 -0.42837900
0.32037100 0.03919280 -0.28598100
0.66794902 -0.04695500 0.19143800
0.63475001 -0.04537280 0.14941400
0.54607201 -0.06925240 0.40074500
0.38317600 0.15088101 -0.33939999
0.54311502 -0.01873440 0.15199900
-0.29339901 -0.08834630 -0.36858001
-0.34573701 0.10904000 -0.42869899
0.63596702 -0.08590850 0.32589999
-0.50162899 -0.03636940 0.15469000
0.52940100 -0.12733200 0.30627799
0.52747297 0.12598801 0.37258601
-0.40926400 0.06495200 -0.37099600
-0.27218300 -0.05895760 -0.38775599
0.56031901 0.01757300 0.16115600
0.66697901 0.05576320 0.17906500
0.54076803 0.13665800 0.29981300
0.53943902 -0.13591100 0.30140400
-0.30943400 -0.00712762 -0.02071850
-0.30659899 0.00554652 -0.02133610
0.40450400 -0.05247040 -0.33511201
-0.30648100 -0.11561000 -0.37028199
0.67137700 0.04702320 0.19138101
0.73453099 0.00138826 0.19059999
-0.29844201 0.13456900 -0.38401601
0.66691500 -0.02763350 0.11025100
0.72959101 -0.04364570 0.21357401
0.65907103 -0.06797410 0.20880000
-0.29667500 0.05589830 -0.37613699
0.41074899 0.07507490 -0.33665901
0.63725197 0.04386080 0.13575999
0.41107601 -0.07535960 -0.33673400
-0.31767899 0.08731720 -0.35818401
0.72723103 0.04660920 0.21583000
-0.29220599 -0.09268230 -0.37044501
0.69269502 0.05205650 0.17177300
-0.27243999 -0.04794850 -0.41714001
0.36362901 -0.11809000 -0.29730400
0.67081499 -0.05216410 0.17599900
-0.31529301 0.13687600 -0.38601601
0.34904799 -0.13075100 -0.36053401
0.37475401 0.06292160 -0.30151099
0.53737700 -0.14294700 0.36623400
-0.31506899 -0.13705599 -0.38608900
0.71315598 0.02861160 0.18007800
0.71482903 -0.02859130 0.18024100
0.40226799 -0.14197700 -0.33565700
-0.30632299 -0.13156299 -0.38002500
-0.29506901 0.05574690 -0.37312901
-0.29244500 0.06712610 -0.36980900
-0.28806299 -0.04877150 -0.37831500
-0.26445001 0.06848090 -0.40030000
0.40823600 0.07121580 -0.33989999
0.55430698 0.14820200 0.36062700
0.40878701 -0.07197430 -0.34006900
0.65069503 0.08321760 0.28585500
-0.30817601 0.13546599 -0.38648701
0.34970999 -0.08657370 -0.28729400
0.38771799 0.14810801 -0.34126201
0.66082197 0.03983880 0.12685899
0.67762500 -0.00979041 0.11307000
0.40862599 -0.06572940 -0.33241400
0.40906000 0.06467410 -0.33409199
0.62314099 -0.04429540 0.14901100
0.72230798 0.01026490 0.18031199
0.55883700 -0.14314499 0.36710700
0.40949199 -0.11536500 -0.34097400
0.66633499 0.05648410 0.29913399
0.39323699 0.08916260 -0.29921499
0.73312902 0.01114220 0.18703200
0.36488700 -0.15260001 -0.35916200
0.63056600 -0.04526420 0.14690900
0.65558898 0.05870550 0.19111601
0.71998203 0.03318480 0.18176700
0.71770197 -0.03337320 0.18154500
0.66484398 0.06074950 0.29566801
0.54629898 -0.13811500 0.39526501
0.66850197 -0.05660920 0.17943799
-0.30796301 0.12705299 -0.37336999
0.66208500 -0.06909760 0.30333599
0.41107199 -0.12111800 -0.33637899
0.37907901 -0.15918100 -0.33726400
0.65520000 -0.05852270 0.19094600
0.55461502 0.13348401 0.28309301
0.39405099 0.14701401 -0.33747000
0.65901500 -0.06783970 0.29005700
0.66663897 -0.05561120 0.29525399
0.67032099 -0.04859300 0.17165799