2 6 1
7 2 1
6 5 1
5 7 1
9 6 2
7 10 2
15 9 2
10 15 2
5 6 3
3 8 5
6 11 3
13 8 3
11 13 3
4 7 5
8 4 5
12 7 4
14 4 8
14 12 4
9 11 6
12 10 7
13 18 8
18 14 8
16 11 9
15 16 9
12 17 10
17 15 10
13 11 19
16 19 11
14 20 12
20 17 12
21 18 13
19 21 13
18 22 14
14 22 20
16 15 23
17 23 15
25 19 16
23 25 16
20 26 17
26 23 17
21 24 18
24 22 18
30 21 19
25 30 19
22 2730 20
2730 26 20
27 24 21
30 27 21
24 28 22
28 2730 22
32 25 23
26 32 23
27 29 24
29 28 24
38 30 25
32 3488 25
3488 38 25
2730 31 26
31 3433 26
32 26 3433
27 35 29
36 27 30
33 35 27
36 33 27
35 28 29
28 37 31
28 31 2730
35 34 28
34 37 28
38 36 30
37 39 31
31 39 3433
32 3433 3487
3487 3488 32
33 43 35
46 33 36
44 43 33
46 44 33
43 34 35
37 34 47
43 45 34
34 45 47
38 41 36
41 46 36
42 39 37
47 42 37
40 41 38
38 3488 40
40 39 42
3487 39 40
39 3487 3433
40 3043 41
42 3043 40
3487 40 3488
2687 46 41
3043 2687 41
47 2678 42
42 2678 3043
44 48 43
45 43 48
49 44 46
48 44 49
45 50 47
48 50 45
2598 49 46
2687 2598 46
50 2645 47
2645 2678 47
49 53 48
48 54 50
53 57 48
57 54 48
2598 53 49
54 2645 50
58 55 51
51 55 2598
2985 58 51
51 2598 2687
3043 51 2687
2985 51 3043
59 52 56
56 52 2645
59 2985 52
2645 52 2678
52 3043 2678
52 2985 3043
55 53 2598
53 55 2965
2951 57 53
2965 2951 53
54 63 56
54 56 2645
60 54 57
60 66 54
66 63 54
58 2965 55
63 59 56
60 57 2951
61 67 58
58 2985 61
58 67 62
62 2965 58
68 61 59
61 2985 59
68 59 63
60 65 70
65 60 2951
66 60 71
69 60 70
60 69 71
64 67 61
61 68 64
65 62 70
62 65 2951
67 72 62
70 62 72
2965 62 2951
63 66 71
73 68 63
71 73 63
64 2853 67
68 2457 64
2457 74 64
74 2853 64
75 72 67
2853 75 67
73 76 68
76 2457 68
83 69 70
83 71 69
72 3443 70
77 83 70
3443 77 70
2943 73 71
83 78 71
78 2943 71
75 79 72
72 79 3443
80 76 73
80 73 2943
75 74 86
74 75 2853
74 76 86
74 2457 76
84 79 75
75 86 84
80 85 76
98 76 85
98 86 76
87 77 79
79 77 3443
2458 83 77
87 2458 77
88 80 78
78 80 2943
2825 78 83
2825 88 78
91 79 84
2761 87 79
91 2761 79
2929 85 80
88 2644 80
2644 2929 80
91 84 81
84 2507 81
89 96 81
2507 89 81
81 104 91
96 104 81
85 92 82
2500 85 82
97 90 82
90 2500 82
105 82 92
105 97 82
93 83 2458
93 2825 83
86 98 84
84 98 2507
2929 92 85
98 85 2500
2720 94 87
87 94 2803
2870 2458 87
2761 2720 87
87 2803 2870
2629 88 95
2804 95 88
2644 88 2629
2871 2804 88
2871 88 2825
102 96 89
106 102 89
114 106 89
2507 114 89
103 90 97
103 111 90
111 107 90
107 114 90
114 2500 90
104 108 91
108 2720 91
91 2720 2761
109 105 92
2629 109 92
92 2644 2629
2644 92 2929
101 2698 93
2699 101 93
93 2458 2870
2698 2804 93
2803 2699 93
2870 2803 93
2871 93 2804
93 2871 2825
108 99 94
94 99 2699
108 94 2720
94 2699 2803
100 109 95
100 95 2698
109 2629 95
2698 95 2804
102 128 96
130 104 96
128 130 96
129 103 97
131 97 105
131 129 97
114 98 2500
98 114 2507
118 101 99
99 101 2699
108 118 99
101 117 100
101 100 2698
119 109 100
117 119 100
117 101 118
102 106 110
121 102 110
121 128 102
103 122 111
129 122 103
104 115 108
132 115 104
130 132 104
105 109 116
133 105 116
133 131 105
106 112 110
106 125 112
106 114 120
120 125 106
107 111 113
125 107 113
120 114 107
125 120 107
115 123 108
123 118 108
109 124 116
119 124 109
112 126 110
138 121 110
126 138 110
127 113 111
139 111 122
111 139 127
112 125 164
140 126 112
152 140 112
162 152 112
162 112 164
125 113 163
141 113 127
153 113 141
163 113 153
136 123 115
132 136 115
124 137 116
137 133 116
117 118 190
119 117 191
329 117 190
329 191 117
118 123 198
118 198 190
119 199 124
199 119 191
255 128 121
138 230 121
230 255 121
129 256 122
2562 139 122
256 2562 122
123 136 226
123 226 198
124 227 137
199 227 124
125 163 164
126 140 138
141 127 139
222 130 128
255 222 128
131 223 129
256 129 223
247 132 130
222 247 130
133 248 131
248 223 131
240 136 132
247 240 132
137 241 133
241 248 133
2833 142 134
142 3376 134
160 146 134
146 2833 134
3376 160 134
3374 143 135
143 3385 135
147 161 135
2733 147 135
135 161 3374
3385 2733 135
136 240 226
227 241 137
138 140 167
138 167 230
141 139 168
139 231 168
231 139 2562
146 180 140
186 146 140
140 152 186
140 180 167
141 181 147
141 147 187
153 141 187
141 168 181
144 148 142
3284 144 142
148 154 142
3376 142 154
2833 3284 142
145 143 149
145 3336 143
155 149 143
155 143 3374
3336 3385 143
150 148 144
144 172 150
3133 172 144
3133 144 3284
145 149 151
171 145 151
171 179 145
145 179 3336
160 180 146
2734 146 186
146 2734 2833
147 181 161
187 147 2733
150 156 148
148 2751 154
148 156 2751
151 149 2815
155 157 149
2815 149 157
165 156 150
150 188 165
172 188 150
166 171 151
166 151 2815
162 228 152
152 228 186
229 163 153
229 153 187
2751 158 154
3376 154 158
2750 157 155
2750 155 159
159 155 3374
165 173 156
156 173 208
194 156 208
2751 156 194
174 157 2797
174 2815 157
2750 2797 157
160 158 3299
160 3376 158
3299 158 2751
3300 159 161
3374 161 159
2750 159 3300
3299 180 160
181 3300 161
246 162 164
246 228 162
246 164 163
229 246 163
165 169 173
165 204 169
188 204 165
170 166 174
205 166 170
189 171 166
166 2815 174
205 189 166
180 265 167
230 167 265
266 181 168
266 168 231
169 182 173
184 182 169
204 184 169
183 170 174
183 185 170
185 205 170
3213 179 171
189 2855 171
2855 3213 171
178 172 3133
172 178 3237
3237 188 172
182 208 173
209 183 174
2797 209 174
2770 177 175
3384 175 177
175 186 281
2734 186 175
175 281 3409
2734 175 3384
3211 2770 175
3211 175 3409
179 176 3385
179 3534 176
2653 187 176
187 2733 176
3534 2653 176
176 2733 3385
178 177 2770
3133 177 178
3133 3384 177
2770 2959 178
178 2959 3237
3213 3497 179
179 3385 3336
179 3497 3534
220 265 180
220 180 3299
266 221 181
2924 181 221
3300 181 2924
192 182 184
192 212 182
212 208 182
193 185 183
193 183 213
209 213 183
200 192 184
236 200 184
204 236 184
193 201 185
201 237 185
237 205 185
228 281 186
187 2653 229
2981 204 188
224 2981 188
3237 224 188
205 270 189
189 270 2855
198 321 190
321 329 190
322 199 191
329 322 191
196 192 200
216 192 196
192 216 212
197 201 193
217 197 193
217 193 213
202 194 208
210 194 202
220 194 210
3299 194 220
2751 194 3299
203 195 211
195 203 2797
2924 211 195
195 2797 2750
195 2750 3300
195 3300 2924
207 196 200
196 207 215
218 196 215
218 216 196
206 201 197
206 197 214
219 214 197
217 219 197
226 344 198
344 321 198
345 227 199
322 345 199
200 253 207
261 200 236
200 261 253
206 254 201
201 262 237
254 262 201
208 2538 202
2538 210 202
209 203 2539
2797 203 209
211 2539 203
279 236 204
269 279 204
269 204 2981
237 280 205
280 270 205
251 206 214
251 245 206
245 254 206
207 252 215
244 252 207
253 244 207
212 273 208
208 273 2538
274 213 209
274 209 2539
2836 220 210
2538 267 210
210 267 2836
221 211 2924
3035 211 221
268 2539 211
2667 268 211
2667 211 3035
299 212 216
299 273 212
300 217 213
274 300 213
219 234 214
260 214 234
260 251 214
235 218 215
215 259 235
252 259 215
218 291 216
291 299 216
292 219 217
300 292 217
235 249 218
249 289 218
289 291 218
250 234 219
219 290 250
290 219 292
257 265 220
257 220 2792
2836 2792 220
266 258 221
258 2746 221
221 2746 3035
387 247 222
255 387 222
248 388 223
388 256 223
232 224 2627
224 232 2981
224 238 2627
224 2959 238
2959 224 3237
233 2464 225
225 2855 233
2464 239 225
3139 225 239
2855 225 3213
225 3139 3213
240 391 226
365 344 226
391 365 226
392 241 227
345 366 227
366 392 227
228 246 307
228 323 281
307 323 228
308 246 229
282 324 229
2653 282 229
324 308 229
230 412 255
265 412 230
413 231 256
256 231 2562
413 266 231
2463 232 2627
2463 3222 232
232 2757 2981
232 3476 2757
3476 232 3222
2855 270 233
233 270 3032
3447 2464 233
3447 233 3032
250 3340 234
3340 260 234
235 293 249
259 301 235
301 293 235
261 236 311
236 279 311
262 312 237
280 237 312
3184 238 242
238 3211 242
238 2463 2627
2463 238 3184
238 2959 3211
3139 239 243
3322 243 239
2464 3447 239
3363 3322 239
3363 239 3447
247 424 240
424 391 240
425 248 241
392 425 241
263 3315 242
242 3409 263
242 3315 3184
3211 3409 242
3046 243 264
264 243 3322
3087 243 3046
3087 3139 243
271 252 244
275 244 253
275 271 244
272 245 251
254 245 276
276 245 272
246 403 307
308 403 246
387 424 247
425 388 248
297 289 249
293 297 249
250 290 298
298 294 250
250 294 3340
278 251 260
272 251 278
277 259 252
271 277 252
261 287 253
287 275 253
288 262 254
276 288 254
389 387 255
412 389 255
388 390 256
390 413 256
265 257 348
3191 348 257
3191 257 2792
266 349 258
3192 258 349
258 3192 2746
277 284 259
284 301 259
283 278 260
260 302 283
260 3340 302
340 287 261
340 261 311
288 341 262
341 312 262
3086 263 281
3409 281 263
3086 3315 263
282 3046 264
3141 282 264
264 3322 3141
348 369 265
412 265 369
370 349 266
370 266 413
285 2459 267
2538 285 267
295 267 2459
2836 267 295
286 268 2460
2539 268 286
268 296 2460
268 2667 296
269 350 279
350 269 3287
2757 2679 269
3287 269 2679
2757 269 2981
270 280 351
2859 270 351
270 2859 3032
305 271 275
325 277 271
305 325 271
306 276 272
326 272 278
306 272 326
2538 273 285
273 3108 285
299 358 273
358 356 273
273 356 3108
300 274 2672
274 2539 3075
3307 2672 274
274 3075 3307
287 309 275
309 305 275
310 288 276
310 276 306
313 284 277
342 313 277
325 342 277
283 314 278
314 343 278
278 343 326
279 371 311
350 371 279
372 280 312
2584 351 280
372 2584 280
323 404 281
404 352 281
281 352 3086
324 282 2844
282 2653 3046
3141 2844 282
302 315 283
315 314 283
316 301 284
313 316 284
285 3288 2459
3288 285 3108
2460 2829 286
3075 2539 286
286 2829 3075
287 346 309
340 346 287
288 310 347
347 341 288
291 289 354
327 289 297
327 363 289
354 289 363
292 355 290
298 290 328
328 290 364
355 364 290
358 299 291
354 358 291
359 292 300
359 355 292
336 297 293
301 3432 293
3432 336 293
298 337 294
320 302 294
3340 294 302
320 294 337
295 334 2792
295 3149 334
2459 3149 295
295 2792 2836
3147 2460 296
2854 2631 296
2631 3147 296
2667 2854 296
338 327 297
336 338 297
298 328 339
337 298 339
2672 359 300
316 319 301
301 319 3432
320 315 302
303 3349 317
3470 303 317
330 303 3470
303 330 3476
303 2463 3184
303 3222 2463
3349 303 3184
3222 303 3476
3199 318 304
318 3363 304
331 304 3032
304 331 3199
3447 3032 304
3363 3447 304
309 332 305
332 325 305
333 310 306
333 306 326
471 323 307
403 471 307
324 472 308
472 403 308
309 379 332
346 379 309
2824 310 333
2824 347 310
311 361 340
371 361 311
341 362 312
362 372 312
313 2714 316
2714 313 342
451 314 315
314 486 343
451 486 314
320 2718 315
411 451 315
2718 411 315
316 2630 319
2714 2630 316
2465 317 3156
317 2465 3470
317 3086 3475
317 3532 3086
3156 317 3475
3532 317 3349
353 3141 318
353 318 3480
3141 3471 318
3480 318 3199
318 3471 3363
319 367 336
319 336 3432
367 319 2742
2630 2742 319
368 320 337
368 2718 320
503 329 321
344 509 321
509 503 321
329 504 322
510 345 322
504 510 322
449 404 323
449 323 471
405 450 324
324 2844 405
450 472 324
384 325 332
342 325 384
383 333 326
343 383 326
338 375 327
373 363 327
375 373 327
328 2569 339
328 364 2569
525 329 503
329 525 504
330 397 2408
397 330 2465
3287 330 2408
2465 330 3470
2679 330 3287
330 2679 3476
2859 351 331
331 351 3235
331 3158 2467
3199 331 2467
3032 2859 331
3235 3158 331
332 379 393
393 384 332
383 394 333
394 2824 333
334 2846 2594
334 2594 3191
334 3191 2792
334 3309 2846
334 3149 3309
335 2462 3148
2462 335 3278
2854 335 2631
335 3148 2631
3192 335 2854
335 3192 3151
335 3151 3278
336 399 338
367 399 336
339 2475 337
2475 368 337
399 375 338
376 400 339
376 339 2569
339 400 2475
340 385 346
432 340 361
385 340 432
347 386 341
362 341 431
386 431 341
430 342 384
430 485 342
452 2714 342
2997 452 342
485 2997 342
343 524 383
486 524 343
344 365 509
510 366 345
418 379 346
385 418 346
419 347 380
380 347 2824
419 386 347
469 369 348
469 348 2846
2594 2846 348
2594 348 3191
2934 349 370
3151 349 2934
3151 3192 349
2570 371 350
2408 2570 350
2408 350 3287
351 2584 2893
351 2893 3235
404 3078 352
352 3261 2466
2466 3475 352
3078 3261 352
3475 3086 352
405 2844 353
3422 405 353
2738 353 3480
3528 353 2738
353 2844 3141
3528 3422 353
395 358 354
354 363 401
354 401 395
355 359 396
355 2938 364
396 3033 355
355 3033 2938
356 358 3177
2905 3108 356
3373 2905 356
3373 356 3177
378 357 2409
2496 357 378
2409 357 3084
2832 357 2496
2890 357 2832
2890 3307 357
357 3107 3084
357 3307 3107
406 358 395
406 443 358
3177 358 443
396 359 407
444 407 359
359 454 444
454 359 2890
2890 359 2672
377 2410 360
377 360 2905
2461 360 2410
2905 360 2461
371 435 361
361 3227 432
435 465 361
361 465 3227
362 436 372
431 466 362
466 436 362
3230 363 373
401 363 2471
363 3230 2471
364 374 2569
374 364 3361
2938 402 364
364 402 3418
3361 364 3418
391 519 365
519 509 365
520 392 366
520 366 510
408 399 367
2742 408 367
400 409 368
400 368 2475
409 423 368
368 423 2718
412 369 551
469 491 369
491 551 369
552 370 413
492 370 552
492 2934 370
371 2570 435
429 372 436
2584 372 429
373 375 447
2412 373 447
3230 373 2412
2569 374 376
376 374 2640
2640 374 3437
3466 374 3361
374 3466 3437
375 399 473
375 473 447
400 376 2640
3373 2410 377
3373 377 2905
378 2409 2945
2496 378 2411
2411 378 2945
393 379 441
457 379 418
379 457 441
394 458 380
394 380 2824
458 419 380
2465 381 397
381 3275 397
416 381 3261
381 416 3275
2465 3156 381
381 3156 2466
3261 381 2466
382 3099 398
3236 382 398
417 382 3236
382 417 3528
2467 382 2738
382 2467 3099
382 3528 2738
383 3079 394
524 455 383
383 455 3079
430 384 393
385 433 418
432 433 385
419 434 386
431 386 434
389 587 387
601 424 387
387 587 601
588 390 388
425 602 388
602 588 388
412 587 389
588 413 390
424 595 391
391 559 519
595 559 391
596 425 392
560 392 520
596 392 560
456 430 393
456 393 441
394 3079 458
395 401 426
426 406 395
407 427 396
3033 396 427
397 414 2408
397 3245 414
397 3275 3245
3240 415 398
3327 398 415
3240 398 3099
3236 398 3464
398 3327 3464
2991 399 408
399 2991 473
488 409 400
488 400 474
400 2640 474
401 3074 426
401 2471 3074
3073 2472 402
3418 402 2472
3033 402 2938
402 3033 3073
471 403 538
472 538 403
449 463 404
463 477 404
404 477 3078
450 405 464
478 464 405
478 405 3422
406 426 460
460 443 406
407 459 427
444 459 407
408 422 2499
422 408 2742
2499 487 408
408 487 2991
467 423 409
467 409 488
452 480 410
452 410 2714
480 3503 410
2714 410 2630
2630 410 3377
3377 410 3503
411 423 446
2718 423 411
446 467 411
411 479 451
467 479 411
412 551 583
583 587 412
413 584 552
588 584 413
428 2570 414
3483 428 414
414 2570 2408
3483 414 3245
3484 415 3240
3327 415 3484
477 2864 416
477 416 3078
2712 416 2864
3275 416 2712
3078 416 3261
417 3236 3259
3259 3434 417
3434 3422 417
417 3422 3528
433 507 418
418 507 457
508 434 419
508 419 458
2469 420 437
420 3090 437
2407 3090 420
2407 420 3341
420 2469 2410
3341 420 2410
421 2411 2470
2411 421 2968
2470 3029 421
2968 421 2759
3119 2759 421
3119 421 3029
422 445 2499
422 3377 445
3377 422 2742
446 423 467
601 595 424
596 602 425
426 483 460
3074 483 426
459 484 427
427 484 3073
3033 427 3073
435 2570 428
435 428 2636
2636 428 2717
2717 428 3483
429 436 2468
429 2468 2726
2584 429 2893
429 2726 3240
429 3240 2893
456 523 430
523 485 430
3049 431 434
498 466 431
3049 498 431
432 543 433
543 432 497
3227 497 432
507 433 543
508 544 434
544 3049 434
435 443 465
435 2636 443
466 444 436
436 444 2468
2719 469 437
469 2846 437
2846 2469 437
2719 437 3200
3200 437 3090
470 482 438
470 438 2934
438 482 2801
2801 3029 438
3029 2934 438
439 453 461
453 439 2708
3295 439 461
439 3295 475
3490 439 475
2779 2708 439
3160 2779 439
3490 3160 439
3011 440 462
440 3242 462
2759 3226 440
3527 2759 440
3011 3269 440
3226 3100 440
3100 3242 440
3269 3527 440
534 456 441
528 441 457
528 534 441
455 535 442
3079 455 442
529 458 442
442 458 3079
535 529 442
453 443 2636
3177 443 453
443 460 465
444 454 2468
444 466 459
445 468 2499
445 3503 468
3377 3503 445
495 447 473
447 495 2412
448 496 474
2640 448 474
496 448 2413
3437 2413 448
2640 3437 448
463 449 2670
555 449 471
555 526 449
526 2670 449
464 2665 450
450 2572 472
450 2927 2572
2847 450 2665
2847 2927 450
533 451 479
486 451 513
531 513 451
533 531 451
452 532 480
452 514 530
2997 514 452
530 532 452
453 2717 461
2636 2717 453
3177 453 2708
2726 2468 454
454 2832 2707
454 2707 3269
2726 454 3011
454 2890 2832
3011 454 3269
524 535 455
534 523 456
507 528 457
508 458 529
466 502 459
506 484 459
502 516 459
516 506 459
501 465 460
483 505 460
501 460 515
460 505 515
461 2717 3482
3295 461 3482
3011 462 3485
462 3242 3485
463 481 477
463 2670 481
464 478 2476
2476 2665 464
501 511 465
465 511 3227
512 466 498
502 466 512
518 479 467
518 467 488
480 517 468
468 3503 480
517 487 468
468 487 2499
2719 491 469
482 470 494
470 492 494
2934 492 470
603 471 538
2661 555 471
603 2661 471
604 538 472
604 472 2572
487 521 473
487 473 2991
521 495 473
488 474 522
496 522 474
481 475 489
475 481 3200
489 475 3137
3295 3137 475
3200 3490 475
482 490 476
2801 482 476
476 490 3007
476 3100 2801
3007 3242 476
3242 3100 476
481 489 477
477 489 2725
477 2725 2864
482 2476 478
482 478 3207
3207 478 3434
478 3422 3434
518 536 479
536 533 479
480 537 517
532 537 480
493 481 2670
481 493 2719
481 2719 3200
482 3207 490
482 494 2476
499 539 483
3074 499 483
505 483 2963
539 2963 483
484 506 3455
540 3073 484
3455 540 484
545 514 485
514 2997 485
523 545 485
513 546 486
546 524 486
517 521 487
488 522 518
2725 489 3274
489 3137 3274
3007 490 2993
490 3207 2993
493 526 491
493 491 2719
526 571 491
571 551 491
527 494 492
572 527 492
552 572 492
493 2670 526
527 2665 494
2476 494 2665
549 499 495
499 2471 495
521 549 495
495 2471 2412
550 496 500
500 496 2472
550 522 496
496 2413 2472
497 511 2783
511 497 3227
3026 543 497
2783 3026 497
512 498 3366
2960 3025 498
2960 498 3049
3025 3366 498
549 539 499
2471 499 3074
540 550 500
500 3073 540
500 2472 3073
515 511 501
516 502 512
509 637 503
637 525 503
638 510 504
525 638 504
573 515 505
573 505 3172
505 2963 3172
516 574 506
574 3257 506
3455 506 3257
507 557 528
543 557 507
508 529 558
558 544 508
519 635 509
635 637 509
636 520 510
638 636 510
515 563 511
563 2953 511
2783 511 2953
3264 516 512
3366 3264 512
513 531 542
542 599 513
599 546 513
530 514 541
514 600 541
545 600 514
573 563 515
516 564 574
564 516 3264
517 565 521
537 565 517
522 566 518
566 536 518
559 631 519
519 631 635
632 560 520
636 632 520
565 549 521
550 566 522
534 562 523
523 547 545
575 547 523
562 575 523
561 535 524
548 524 546
548 576 524
576 561 524
637 643 525
643 638 525
555 571 526
572 556 527
527 556 2847
527 2847 2665
534 528 591
528 557 591
592 529 535
529 592 558
567 532 530
567 530 541
533 568 531
531 568 542
537 532 569
567 579 532
532 579 569
570 533 536
580 568 533
570 580 533
591 562 534
561 592 535
566 570 536
569 565 537
660 603 538
604 660 538
549 593 539
539 593 3234
539 3234 2963
550 540 2880
3102 2880 540
540 3455 3102
589 567 541
611 589 541
600 611 541
568 590 542
612 542 590
612 599 542
2878 557 543
2878 543 3026
2960 544 558
544 2960 3049
547 582 545
582 600 545
581 548 546
581 546 599
575 617 547
617 582 547
618 576 548
581 618 548
613 549 565
593 549 613
550 614 566
594 614 550
550 2880 594
571 583 551
572 552 584
615 577 553
553 577 2783
609 615 553
553 621 609
2881 621 553
2953 553 2783
2953 2881 553
622 564 554
3366 554 564
578 554 3366
578 3408 554
616 610 554
554 610 622
3408 616 554
597 571 555
597 555 2661
572 598 556
556 598 2660
556 2660 2572
2927 556 2572
2847 556 2927
2578 591 557
2805 2578 557
557 2878 2805
592 2776 558
558 2776 2960
595 641 559
641 631 559
642 596 560
642 560 632
576 592 561
562 591 575
573 2881 563
563 2881 2953
574 564 622
3366 564 3264
569 613 565
614 570 566
567 605 579
589 605 567
606 568 580
568 606 590
579 613 569
614 580 570
650 583 571
597 650 571
584 651 572
651 598 572
585 619 573
3512 585 573
619 2881 573
3512 573 3172
586 574 620
574 586 3257
620 574 622
591 627 575
627 617 575
628 592 576
618 628 576
577 615 2805
2783 577 3026
577 2805 2878
577 2878 3026
2960 578 3025
578 2960 3408
578 3366 3025
605 613 579
606 580 614
599 633 581
581 633 618
634 600 582
617 634 582
658 587 583
650 658 583
588 659 584
659 651 584
593 607 585
3234 593 585
619 585 607
3456 3234 585
585 3512 3456
586 608 594
586 594 2880
586 620 608
586 2880 3102
3102 3455 586
3455 3257 586
587 652 601
656 652 587
587 658 656
588 602 653
657 588 653
657 659 588
589 623 605
611 623 589
624 590 606
624 612 590
2578 627 591
2776 592 628
607 593 613
594 608 614
601 648 595
648 641 595
649 602 596
642 649 596
646 650 597
654 646 597
2728 654 597
597 2661 2728
651 647 598
647 655 598
598 655 2729
2660 598 2729
612 626 599
626 633 599
625 611 600
634 625 600
601 652 648
653 602 649
660 654 603
603 654 2728
2728 2661 603
660 604 655
655 604 2729
2660 604 2572
2660 2729 604
607 613 605
629 607 605
623 629 605
606 614 608
630 606 608
624 606 630
629 619 607
620 630 608
617 615 609
617 609 621
616 618 610
618 2952 610
2952 622 610
639 623 611
625 639 611
612 624 640
612 640 626
617 627 615
615 627 2578
615 2578 2805
618 616 628
628 616 2776
3408 2776 616
644 617 621
644 634 617
633 645 618
645 2952 618
619 644 621
619 621 2881
629 644 619
622 2952 620
630 620 640
640 620 645
2952 645 620
639 629 623
630 640 624
634 639 625
626 640 633
639 644 629
663 635 631
641 665 631
665 663 631
636 664 632
666 642 632
664 666 632
640 645 633
639 634 644
661 637 635
663 661 635
638 662 636
662 664 636
661 643 637
643 662 638
648 667 641
665 641 667
668 649 642
666 668 642
661 684 643
684 662 643
669 650 646
654 671 646
671 669 646
651 670 647
672 655 647
670 672 647
648 652 675
648 675 667
676 653 649
668 676 649
669 658 650
659 670 651
656 677 652
652 677 675
678 657 653
678 653 676
681 654 660
681 671 654
655 682 660
672 682 655
658 673 656
656 673 677
674 659 657
678 674 657
669 679 658
679 673 658
680 670 659
674 680 659
683 681 660
682 683 660
663 685 661
685 684 661
686 664 662
684 686 662
665 687 663
687 685 663
688 666 664
686 688 664
667 689 665
665 689 687
690 668 666
690 666 688
691 667 675
689 667 691
692 676 668
690 692 668
671 701 669
669 699 679
701 699 669
702 672 670
700 670 680
702 670 700
681 703 671
703 701 671
704 682 672
702 704 672
695 677 673
679 697 673
697 695 673
678 696 674
698 680 674
696 698 674
677 693 675
693 691 675
694 678 676
692 694 676
695 693 677
694 696 678
699 697 679
698 700 680
681 683 705
681 706 703
706 681 705
683 682 705
707 682 704
682 707 705
685 708 684
708 686 684
687 709 685
709 708 685
710 688 686
708 710 686
689 711 687
711 709 687
712 690 688
710 712 688
691 713 689
689 713 711
714 692 690
714 690 712
693 715 691
715 713 691
716 694 692
714 716 692
695 717 693
717 715 693
718 696 694
716 718 694
697 719 695
719 717 695
720 698 696
718 720 696
699 721 697
721 719 697
722 700 698
720 722 698
701 729 699
729 721 699
730 702 700
722 730 700
703 723 701
723 727 701
727 729 701
724 704 702
728 724 702
730 728 702
706 725 703
725 723 703
726 707 704
724 726 704
731 706 705
707 731 705
731 725 706
726 731 707
709 744 708
744 710 708
711 732 709
732 744 709
733 712 710
744 733 710
713 742 711
742 732 711
743 714 712
733 743 712
715 734 713
713 734 742
735 716 714
743 735 714
717 738 715
738 734 715
739 718 716
735 739 716
719 736 717
717 736 738
737 720 718
739 737 718
721 740 719
740 736 719
741 722 720
741 720 737
729 749 721
749 740 721
750 730 722
741 750 722
725 747 723
747 727 723
748 726 724
728 748 724
731 745 725
745 747 725
746 731 726
748 746 726
751 729 727
747 751 727
730 752 728
752 748 728
754 749 729
751 754 729
750 755 730
755 752 730
753 745 731
746 753 731
742 756 732
756 744 732
757 743 733
744 757 733
738 761 734
734 759 742
761 759 734
762 739 735
743 760 735
760 762 735
763 738 736
740 765 736
765 763 736
739 764 737
766 741 737
764 766 737
763 761 738
762 764 739
749 768 740
768 765 740
769 750 741
766 769 741
756 742 759
757 760 743
756 758 744
758 757 744
770 747 745
770 745 753
748 771 746
746 771 753
776 751 747
770 776 747
752 777 748
777 771 748
754 774 749
778 768 749
774 778 749
775 755 750
769 779 750
779 775 750
772 754 751
776 772 751
755 773 752
773 777 752
767 770 753
771 767 753
772 774 754
775 773 755
782 758 756
756 759 780
783 756 780
783 782 756
782 757 758
757 781 760
781 757 784
784 757 782
761 780 759
781 762 760
763 785 761
785 780 761
786 764 762
781 786 762
765 787 763
789 785 763
787 789 763
788 766 764
786 790 764
790 788 764
768 787 765
788 769 766
791 770 767
771 791 767
2525 768 778
2525 787 768
2426 779 769
788 2426 769
794 776 770
791 794 770
795 771 777
795 791 771
792 774 772
776 792 772
775 793 773
793 777 773
800 778 774
800 774 792
779 801 775
801 793 775
796 792 776
794 796 776
793 797 777
797 795 777
800 807 778
807 2525 778
808 801 779
2426 808 779
809 783 780
785 805 780
805 809 780
784 810 781
806 786 781
810 806 781
783 798 782
799 784 782
798 802 782
802 799 782
809 798 783
799 810 784
789 803 785
803 805 785
804 790 786
806 804 786
789 787 811
2525 811 787
790 812 788
812 2426 788
811 803 789
804 812 790
794 791 853
791 795 2430
791 2575 853
857 791 2430
791 857 2575
846 792 796
846 800 792
793 2590 797
801 2590 793
794 848 796
848 794 853
2577 795 797
2574 2430 795
2574 795 2577
848 846 796
849 2577 797
2590 849 797
798 815 802
809 815 798
802 816 799
816 810 799
830 807 800
846 830 800
808 831 801
801 831 2590
815 827 802
827 816 802
813 805 803
811 821 803
813 803 821
806 814 804
822 812 804
804 814 822
817 809 805
813 817 805
810 818 806
818 814 806
807 823 819
819 2525 807
830 823 807
824 808 820
820 808 2426
808 824 831
825 815 809
817 825 809
826 810 816
810 826 818
821 811 819
819 811 2525
812 822 820
812 820 2426
832 817 813
840 813 821
840 832 813
833 814 818
814 841 822
833 841 814
825 836 815
836 827 815
837 826 816
827 837 816
817 838 825
860 817 832
838 817 860
826 839 818
861 833 818
839 861 818
821 819 828
823 828 819
822 829 820
829 824 820
844 821 828
840 821 844
845 829 822
841 845 822
834 828 823
830 842 823
842 834 823
829 835 824
843 831 824
835 843 824
862 836 825
838 862 825
837 863 826
863 839 826
836 850 827
850 837 827
851 828 834
851 844 828
852 835 829
845 852 829
855 842 830
830 846 855
843 856 831
856 847 831
2590 831 847
840 916 832
916 860 832
833 917 841
917 833 861
842 876 834
876 851 834
877 843 835
852 877 835
950 850 836
862 950 836
850 951 837
951 863 837
864 838 860
838 864 862
839 865 861
865 839 863
926 840 844
926 916 840
841 927 845
917 927 841
855 2652 842
2652 876 842
899 856 843
877 899 843
851 954 844
954 926 844
955 852 845
927 955 845
858 846 848
846 858 855
847 859 849
2590 847 849
856 859 847
853 866 848
858 848 866
867 854 849
854 2574 849
867 849 859
2574 2577 849
950 930 850
930 951 850
851 876 954
877 852 955
884 866 853
908 884 853
2575 908 853
867 885 854
909 854 885
909 2576 854
854 2586 2574
2576 2586 854
858 894 855
894 898 855
855 898 2652
856 895 859
856 899 895
857 2619 987
857 987 2620
857 2430 2586
2620 2575 857
2576 857 2586
2619 857 2576
866 2848 858
896 858 888
2848 888 858
922 894 858
922 858 896
2812 867 859
897 889 859
889 2812 859
895 897 859
948 864 860
916 975 860
975 948 860
865 949 861
976 917 861
949 976 861
864 948 862
948 938 862
862 938 950
949 865 863
939 949 863
939 863 951
884 868 866
2848 866 868
869 885 867
869 867 2812
880 870 868
882 868 870
884 880 868
888 868 882
888 2848 868
871 881 869
883 871 869
881 885 869
889 883 869
889 869 2812
874 892 870
918 874 870
880 912 870
882 870 892
912 918 870
893 875 871
2900 871 875
2900 881 871
871 883 893
872 878 874
874 918 872
890 878 872
886 890 872
920 886 872
920 872 918
873 875 879
873 919 875
879 891 873
887 873 891
887 921 873
873 921 919
878 892 874
893 879 875
919 2900 875
898 952 876
898 876 2652
952 946 876
946 954 876
953 899 877
947 953 877
877 955 947
910 878 890
878 904 892
910 904 878
911 891 879
893 905 879
905 911 879
884 928 880
912 880 970
928 970 880
885 881 929
913 971 881
913 881 2900
881 971 929
902 888 882
882 892 902
903 883 889
893 883 903
908 928 884
885 929 909
906 890 886
914 906 886
920 914 886
907 887 891
907 915 887
915 921 887
888 902 896
897 903 889
906 900 890
900 910 890
901 907 891
2987 901 891
911 2987 891
904 902 892
893 903 905
940 898 894
922 940 894
895 941 897
899 941 895
896 902 922
903 897 923
897 941 923
940 952 898
941 899 953
933 900 906
900 937 910
900 933 944
937 900 944
901 934 907
945 934 901
2765 945 901
2765 901 2987
902 904 935
935 922 902
905 903 936
903 923 936
910 931 904
904 931 935
932 911 905
932 905 936
914 924 906
924 933 906
925 915 907
934 925 907
998 928 908
2620 998 908
908 2575 2620
929 999 909
909 999 2619
2619 2576 909
942 931 910
937 942 910
932 943 911
943 2987 911
918 912 979
912 970 979
913 919 980
919 913 2900
980 971 913
920 968 914
924 914 2702
968 2702 914
921 915 969
2892 915 925
2892 969 915
1078 916 926
1078 975 916
927 917 1079
976 1079 917
983 920 918
918 979 983
921 984 919
919 984 980
920 994 968
983 994 920
969 995 921
921 995 984
935 985 922
985 940 922
923 986 936
986 923 941
924 958 933
924 981 958
924 2702 981
934 959 925
959 982 925
982 2892 925
1086 926 954
1078 926 1086
1087 955 927
927 1079 1087
1022 970 928
928 998 1022
1023 929 971
1023 999 929
950 1024 930
1024 951 930
931 966 935
942 962 931
962 966 931
967 932 936
967 943 932
977 944 933
958 977 933
945 978 934
978 959 934
966 973 935
985 935 973
974 967 936
986 974 936
956 942 937
937 944 960
956 937 990
937 960 990
948 1051 938
1051 950 938
1052 949 939
951 1052 939
992 952 940
940 985 992
953 993 941
993 986 941
962 942 956
957 943 963
957 2987 943
963 943 967
964 960 944
977 964 944
961 965 945
961 945 2765
978 945 965
952 1067 946
946 1094 954
1067 1094 946
1068 953 947
955 1095 947
1095 1068 947
975 1072 948
1072 1051 948
1073 976 949
1073 949 1052
1043 1024 950
1051 1043 950
1024 1044 951
1044 1052 951
1067 952 992
1068 993 953
1094 1086 954
955 1087 1095
1002 962 956
2937 956 990
1002 956 2937
963 3206 957
972 2834 957
3206 972 957
2834 2765 957
957 2765 2987
1019 977 958
981 1016 958
1019 958 1016
978 1018 959
1017 982 959
959 1018 1017
988 960 964
988 990 960
989 965 961
991 989 961
991 961 2765
966 962 1013
1002 996 962
996 1013 962
967 1012 963
997 963 1012
3206 963 997
1014 964 977
964 1004 988
1014 1004 964
965 1015 978
989 1005 965
1005 1015 965
966 1031 973
1013 1031 966
1032 967 974
1032 1012 967
994 1039 968
968 1047 1010
1010 2702 968
1039 1047 968
1040 995 969
969 1011 1048
969 2892 1011
1048 1040 969
970 1053 979
1022 1057 970
1057 1053 970
980 1054 971
1058 1023 971
1058 971 1054
972 1003 2999
3206 1003 972
2999 2834 972
973 1041 985
1031 1041 973
1042 974 986
1042 1032 974
1104 1072 975
1078 1104 975
1073 1105 976
1105 1079 976
977 1019 1014
978 1015 1018
979 1053 983
1034 980 984
1054 980 1034
1010 1016 981
1010 981 2702
1011 982 1017
2892 982 1011
1033 994 983
1053 1033 983
995 1034 984
1069 992 985
1041 1069 985
993 1042 986
2620 987 998
987 2664 998
987 2619 999
2648 987 999
2648 1130 987
1130 2664 987
1001 990 988
1006 1001 988
1004 1006 988
1000 989 991
989 1000 1007
989 1007 1005
1008 990 1001
1008 2937 990
1000 991 1009
991 2999 1009
991 2765 2834
2999 991 2834
1069 1067 992
2606 1042 993
1068 2606 993
1033 1039 994
1034 995 1040
1002 1037 996
1013 996 3054
1037 3054 996
1038 1003 997
997 1003 3206
997 1012 1064
997 1064 1038
1022 998 2787
2664 2787 998
1023 1152 999
1152 2648 999
1021 1007 1000
1028 1000 1009
1000 1062 1021
1062 1000 1028
1006 1020 1001
1061 1008 1001
1020 1061 1001
1002 2613 1037
2613 1002 1055
3201 1055 1002
1002 2937 2607
2607 3201 1002
1038 1056 1003
3266 1003 1056
2999 1003 2772
2772 1003 3266
1025 1006 1004
1014 1035 1004
1035 1025 1004
1026 1005 1007
1036 1015 1005
1026 1036 1005
1029 1020 1006
1025 1029 1006
1030 1007 1021
1030 1026 1007
1061 1027 1008
1027 2607 1008
2607 2937 1008
2772 1028 1009
2999 2772 1009
1045 1016 1010
1059 1045 1010
1059 1010 1047
1017 1046 1011
1060 1011 1046
1060 1048 1011
1064 1012 1032
1031 1013 1063
1013 3054 1063
1019 1088 1014
1065 1035 1014
1088 1065 1014
1089 1018 1015
1015 1036 1066
1015 1066 1089
1049 1019 1016
1045 1049 1016
1050 1017 1018
1017 1050 1046
1091 1050 1018
1089 1075 1018
1075 1091 1018
1090 1019 1049
1019 1074 1088
1074 1019 1090
1070 1020 1029
1070 1061 1020
1030 1021 1071
1071 1021 1062
3057 1057 1022
3057 1022 2787
1058 1136 1023
1023 1136 1152
1179 1024 1043
1024 1180 1044
1179 1157 1024
1180 1024 1157
1080 1029 1025
1035 1097 1025
1097 1080 1025
1030 1081 1026
1096 1036 1026
1081 1096 1026
1061 1093 1027
1093 1076 1027
1027 1076 3201
3201 2607 1027
1092 1062 1028
1028 1077 1092
1028 2772 1077
1082 1070 1029
1080 1085 1029
1085 1082 1029
1071 1083 1030
1084 1081 1030
1083 1084 1030
1149 1041 1031
1112 1031 1063
1149 1031 1112
1042 1150 1032
1113 1064 1032
1150 1113 1032
1131 1039 1033
1053 1131 1033
1040 1132 1034
1132 1054 1034
1065 1097 1035
1096 1066 1036
1106 1122 1037
1037 2613 1106
1122 3054 1037
1107 1056 1038
1123 1038 1064
1123 1107 1038
1039 1100 1047
1100 1039 1114
1114 1039 1131
1040 1048 1101
1115 1040 1101
1115 1132 1040
1041 1149 1069
1150 1042 2606
1051 1179 1043
1180 1052 1044
1049 1045 1109
1045 1059 1109
1046 1050 1108
1108 1060 1046
1098 1059 1047
1047 1126 1098
1100 1126 1047
1060 1099 1048
1127 1048 1099
1048 1127 1101
1090 1049 1109
1108 1050 1091
1072 1193 1051
1193 1179 1051
1194 1073 1052
1180 1194 1052
1153 1053 1057
1153 1131 1053
1054 1154 1058
1132 1154 1054
2613 1055 1137
1137 1055 3143
1055 3201 3143
1056 1107 1138
1134 1056 1138
1056 1134 3266
1135 1177 1057
1135 1057 3057
1177 1153 1057
1178 1136 1058
1154 1178 1058
1098 1109 1059
1060 1108 1099
1061 1070 1116
1140 1093 1061
1128 1061 1116
1128 1140 1061
1071 1062 1117
1139 1062 1092
1062 1129 1117
1139 1129 1062
1112 1063 1164
1122 1164 1063
1122 1063 3054
1113 1165 1064
1165 1123 1064
1088 1119 1065
1119 1097 1065
1118 1089 1066
1096 1118 1066
1069 1160 1067
1067 1221 1094
1160 1223 1067
1223 1221 1067
1095 1222 1068
1224 1161 1068
1161 2606 1068
1222 1224 1068
1149 1160 1069
1116 1070 1082
1071 1117 1083
1104 1189 1072
1189 1193 1072
1190 1105 1073
1194 1190 1073
1120 1088 1074
1074 1090 1145
1145 1120 1074
1089 1121 1075
1146 1091 1075
1075 1121 1146
1093 1103 1076
1103 2571 1076
2571 3201 1076
1092 1077 1102
1134 1102 1077
3266 1134 1077
1077 2772 3266
1078 1086 1231
1195 1104 1078
1231 1195 1078
1087 1079 1232
1105 1196 1079
1196 1232 1079
1080 1125 1085
1080 1097 1171
1171 1125 1080
1084 1124 1081
1170 1096 1081
1124 1170 1081
1082 1085 1110
1110 1116 1082
1083 3486 1084
1117 1111 1083
1111 3486 1083
3486 1124 1084
1163 1110 1085
1085 1125 1163
1094 2633 1086
2633 1231 1086
1087 1314 1095
1087 1232 1314
1119 1088 1120
1118 1121 1089
1109 1141 1090
1090 1141 1145
1142 1108 1091
1146 1142 1091
1092 1102 1144
1144 1139 1092
1103 1093 1143
1140 1143 1093
1094 1221 2633
1095 1314 1222
1176 1118 1096
1170 1219 1096
1219 1176 1096
1097 1119 1220
1220 1171 1097
1098 1126 1109
1108 1127 1099
1155 1100 1114
1126 1100 1183
1100 1155 1183
1115 1101 1156
1101 1127 1156
1134 1144 1102
2830 1103 1143
1103 2830 2571
1255 1189 1104
1195 1255 1104
1190 1256 1105
1256 1196 1105
1106 1174 1122
1137 1168 1106
2613 1137 1106
1174 1106 1168
1123 1175 1107
1107 1169 1138
1107 1175 1169
1108 1173 1127
1142 1173 1108
1126 1172 1109
1172 1141 1109
1110 1166 1116
1110 1163 1187
1110 1187 1166
1167 1111 1117
1188 1162 1111
1111 1162 3486
1167 1188 1111
1149 1112 1217
1164 1217 1112
1150 1218 1113
1218 1165 1113
1114 1131 1181
1114 1181 1155
1182 1132 1115
1182 1115 1156
1166 1128 1116
1167 1117 1129
1118 1186 1121
1176 1186 1118
1185 1119 1120
1215 1119 1185
1215 1220 1119
1209 1120 1145
3014 1185 1120
3014 1120 1209
1121 1210 1146
1275 1121 1186
1275 1210 1121
1122 1227 1164
1174 1227 1122
1165 1228 1123
1123 1228 1175
1162 1198 1124
1162 1124 3486
1198 1170 1124
1197 1163 1125
1171 1197 1125
1126 1233 1172
1126 1183 1233
1184 1156 1127
1234 1127 1173
1184 1127 1249
1127 1234 1249
1140 1128 1208
3140 1128 1166
1225 1208 1128
1225 1128 3140
1139 1207 1129
1226 1167 1129
1207 1226 1129
2592 2473 1130
1130 2473 2763
2592 1130 3369
2648 2764 1130
2763 2664 1130
2764 3369 1130
1205 1131 1153
1181 1131 1205
1206 1154 1132
1182 1206 1132
1133 1191 1158
1158 3386 1133
1191 1133 2830
2571 1133 2814
2830 1133 2571
1133 3386 2814
1138 1148 1134
1134 1192 1144
1148 1159 1134
1159 1192 1134
1151 1295 1135
1151 1135 3057
1295 1177 1135
2930 1152 1136
1178 2930 1136
2823 1147 1137
3292 1137 1147
1168 1137 1199
1199 1137 3292
2823 1137 3143
3285 1148 1138
1169 1200 1138
3285 1138 1200
1192 1139 1144
1192 1204 1139
1139 1204 1207
1191 1143 1140
1191 1140 1203
1208 1203 1140
1145 1141 1211
1172 1211 1141
1212 1142 1146
1212 1173 1142
1191 2830 1143
1145 1211 1209
1210 1212 1146
1147 2914 1213
1213 3292 1147
3386 1147 2823
1147 3386 2914
1214 1159 1148
1148 3285 1214
1149 1265 1160
1217 1265 1149
1266 1150 1161
1161 1150 2606
1266 1218 1150
1151 2618 1295
2473 2618 1151
2473 1151 2763
1151 2787 2763
1151 3057 2787
1152 2930 2617
2617 3369 1152
1152 2764 2648
3369 2764 1152
1285 1153 1177
1205 1153 1285
1245 1178 1154
1206 1245 1154
1181 1168 1155
1168 1183 1155
1169 1182 1156
1184 1169 1156
1179 1327 1157
1327 1180 1157
1191 1201 1158
1229 1158 1201
2914 1158 1229
3386 1158 2914
1159 1202 1192
1230 1202 1159
1230 1159 1214
1301 1223 1160
1265 1301 1160
1224 1302 1161
1161 1302 1266
1188 1240 1162
1240 1198 1162
1163 1239 1187
1163 1197 1239
1164 1257 1217
1257 1164 1227
1218 1258 1165
1228 1165 1258
1187 3140 1166
1241 1188 1167
1226 1241 1167
1181 1174 1168
1199 1183 1168
1182 1169 1175
1200 1169 1184
1261 1170 1198
1261 1219 1170
1262 1197 1171
1220 1262 1171
1235 1211 1172
1172 1233 1235
1212 1236 1173
1236 1234 1173
1181 1227 1174
1182 1175 1228
1186 1176 1216
1219 1216 1176
1295 1285 1177
1245 1286 1178
1178 1286 1296
2930 1178 1296
1193 1330 1179
1328 1327 1179
1330 1328 1179
1331 1194 1180
1327 1329 1180
1329 1331 1180
1205 1227 1181
1228 1206 1182
1183 1199 1252
1233 1183 1248
1248 1183 1252
1272 1200 1184
1267 1184 1249
1267 1272 1184
1306 1215 1185
1306 1185 3014
1320 1186 1216
1305 1275 1186
1320 1305 1186
1239 1242 1187
1242 3140 1187
1240 1188 1241
1336 1193 1189
1344 1189 1255
1344 1336 1189
1194 1337 1190
1345 1256 1190
1337 1345 1190
1201 1191 1237
1264 1191 1203
1247 1237 1191
1264 1247 1191
1202 1238 1192
1204 1192 1263
1238 1246 1192
1246 1263 1192
1336 1330 1193
1331 1337 1194
1375 1195 1231
1195 1367 1255
1375 1367 1195
1196 1376 1232
1256 1368 1196
1196 1368 1376
1239 1197 1283
1262 1289 1197
1289 1283 1197
1198 1240 1284
1198 1290 1261
1284 1290 1198
1199 1213 2810
1213 1199 3292
1199 2810 1252
1200 1272 1214
1200 1214 3285
1237 1229 1201
1202 1230 1238
1208 1243 1203
1203 1243 1264
1207 1204 1244
1263 1244 1204
1205 1257 1227
1285 1257 1205
1228 1258 1206
1245 1206 1258
1226 1207 2904
1207 1244 2904
1225 1259 1208
1259 1243 1208
1291 1209 1211
1277 1276 1209
1276 3014 1209
1291 1277 1209
1292 1212 1210
1275 1278 1210
1278 1292 1210
1235 1279 1211
1279 1291 1211
1236 1212 1280
1292 1280 1212
1251 1213 1229
1213 2914 1229
1251 1269 1213
2810 1213 1269
1250 1230 1214
3331 1250 1214
1272 3331 1214
1220 1215 1282
1215 1319 1282
1306 1319 1215
1219 1281 1216
1281 1320 1216
1311 1217 1257
1217 1311 1265
1218 1312 1258
1312 1218 1266
1261 1281 1219
1282 1262 1220
1223 1340 1221
1221 1377 1313
1221 1313 2633
1340 1377 1221
2565 1224 1222
1314 1378 1222
1378 2565 1222
1301 1340 1223
2565 1302 1224
1242 1259 1225
1242 1225 3140
1260 1241 1226
2904 1260 1226
1237 1251 1229
1238 1230 1250
1313 1375 1231
2633 1313 1231
1376 1314 1232
1233 1253 1235
1253 1233 1248
1236 1254 1234
1234 1254 1249
1273 1235 1253
1273 1279 1235
1254 1236 1274
1274 1236 1280
1251 1237 1247
1246 1238 1250
1239 1283 1242
1241 2414 1240
1240 2414 1284
1260 2414 1241
1283 1259 1242
1259 1297 1243
1297 1264 1243
1263 1298 1244
1298 3325 1244
2904 1244 3325
1258 1312 1245
1312 1286 1245
1326 1246 1250
1304 1263 1246
1304 1246 1326
1247 1325 1251
1264 1303 1247
1303 1325 1247
1252 1268 1248
1268 1253 1248
1249 1254 1267
1270 1358 1250
1270 1250 3331
1250 1358 1326
3062 1269 1251
1325 2683 1251
3062 1251 2683
1271 1268 1252
2810 1271 1252
1268 1299 1253
1273 1253 1299
1267 1254 1300
1300 1254 1274
1367 1344 1255
1345 1368 1256
1311 1257 1285
1293 1259 1283
1293 1310 1259
1310 1297 1259
1309 1294 1260
1260 1294 2414
3325 1309 1260
2904 3325 1260
1281 1261 1307
1290 1323 1261
1323 1307 1261
1262 1282 1308
1324 1289 1262
1308 1324 1262
1288 1298 1263
1263 1304 1288
1287 1264 1297
1264 1287 1303
1301 1265 1351
1351 1265 1311
1266 1302 1352
1352 1312 1266
1316 1272 1267
1300 1316 1267
1271 1315 1268
1268 1315 1299
1271 1269 1315
1269 1271 2810
1269 1321 1315
3062 1321 1269
1272 1322 1270
1272 1270 3331
1322 1347 1270
1270 1347 1358
1316 1322 1272
1273 1333 1279
1299 1355 1273
1273 1355 1333
1280 1332 1274
1356 1300 1274
1332 1356 1274
1366 1278 1275
1360 1275 1305
1360 1366 1275
1365 1276 1277
1276 1359 1306
1276 1306 3014
1365 1359 1276
1291 1365 1277
1278 1366 1292
1353 1291 1279
1333 1353 1279
1354 1280 1292
1354 1332 1280
1307 1350 1281
1320 1281 1350
1349 1308 1282
1319 1349 1282
1289 1293 1283
1290 1284 1294
1294 1284 2414
1311 1285 1295
1296 1286 1312
1293 1287 1310
3350 1287 1293
1297 1310 1287
1287 1338 1303
3350 1338 1287
1294 1309 1288
1294 1288 3347
1298 1288 1309
1304 1339 1288
1339 3347 1288
1289 1318 1293
1392 1318 1289
1324 1392 1289
1294 1317 1290
1317 1391 1290
1290 1391 1323
1291 1353 1365
1366 1354 1292
1318 1342 1293
1342 3350 1293
1343 1317 1294
1370 1343 1294
1370 1294 3347
1351 1311 1295
1351 1295 1334
1295 2618 1334
1312 1352 1296
1296 1352 1335
2617 1296 1335
2930 1296 2617
1298 1309 3325
1315 2942 1299
1299 1363 1355
1363 1299 2942
1316 1300 1401
1364 1300 1356
1300 1364 1401
1351 1340 1301
1341 1302 2565
1341 2593 1302
2593 1352 1302
3375 1325 1303
1303 1338 3375
1304 1326 1380
1304 1380 1339
1320 1407 1305
1407 1360 1305
1408 1319 1306
1359 1408 1306
1307 1323 1382
2879 1350 1307
1389 1307 1382
1307 1389 2879
1324 1308 1381
1442 1308 1349
1381 1308 1390
1442 1390 1308
1313 1438 1375
1377 1452 1313
1313 1452 1438
1376 1439 1314
2706 1378 1314
2706 1314 1439
1321 3510 1315
1393 2942 1315
3510 1393 1315
1394 1322 1316
1401 1394 1316
1317 1343 1387
1387 1391 1317
1318 1388 1342
1318 1392 1388
1319 1361 1349
1319 3339 1361
1408 3339 1319
1350 1362 1320
1362 1407 1320
3478 1321 3062
3478 3510 1321
1347 1322 3499
1394 1386 1322
1322 1386 3499
1397 1382 1323
1391 1397 1323
1324 1381 1398
1398 1392 1324
1325 1357 2683
1357 1325 3375
1326 1358 1420
1326 1420 1380
1328 1487 1327
1488 1329 1327
1487 1476 1327
1476 1488 1327
1330 1483 1328
1483 1487 1328
1484 1331 1329
1488 1484 1329
1336 1477 1330
1477 1483 1330
1478 1337 1331
1484 1478 1331
1354 1384 1332
1384 1356 1332
1333 1383 1353
1355 1383 1333
1403 1351 1334
1440 1403 1334
1454 1440 1334
2599 1454 1334
2473 2599 1334
2473 1334 2618
1348 1335 1455
1348 2474 1335
1352 2615 1335
2615 1455 1335
1335 2474 2617
1344 1485 1336
1485 1477 1336
1486 1345 1337
1478 1486 1337
1369 1379 1338
1369 1338 3350
1338 1379 3375
1339 1380 1370
1339 1370 3347
1351 2921 1340
1340 3045 1377
1340 2921 3045
1378 1341 2565
3018 1341 1378
1341 2807 2593
2807 1341 3018
1388 1369 1342
1369 3350 1342
1387 1343 1370
1481 1344 1367
1481 1485 1344
1482 1368 1345
1486 1482 1345
1346 1357 1372
2683 1357 1346
1372 1374 1346
1374 3478 1346
3062 2683 1346
3478 3062 1346
1347 1371 1358
1347 1373 1371
1347 3499 1373
1348 1455 1431
1431 2599 1348
1348 2473 2592
2473 1348 2599
2592 2474 1348
1349 1361 1414
1458 1349 1414
1458 1442 1349
1362 1350 1413
1459 1413 1350
1459 1350 2879
1351 1403 2921
1352 2593 2615
1353 1427 1365
1383 1427 1353
1366 1428 1354
1428 1384 1354
1355 1363 1395
1355 1409 1383
1395 1409 1355
1396 1364 1356
1356 1384 1410
1396 1356 1410
1419 1372 1357
3375 1419 1357
1371 1420 1358
1359 1365 1427
1408 1359 1427
1360 1428 1366
1407 1428 1360
1414 1361 1400
1361 3339 1400
1399 1407 1362
1362 1413 1399
1395 1363 1415
1402 1415 1363
1363 2942 1402
1396 1416 1364
1416 1401 1364
1375 1466 1367
1466 1479 1367
1479 1481 1367
1368 1467 1376
1480 1467 1368
1482 1480 1368
1434 1379 1369
1388 1434 1369
1380 1435 1370
1435 1387 1370
1371 1373 1405
1424 1371 1405
1420 1371 1424
3063 1374 1372
1406 1372 1423
1406 3063 1372
1419 1423 1372
1386 1433 1373
3499 1386 1373
1433 1405 1373
1432 1385 1374
1374 1385 3478
1374 3063 1432
1438 1474 1375
1474 1466 1375
1475 1439 1376
1467 1475 1376
1452 1377 2891
2891 1377 3045
3417 1378 2706
3018 1378 3417
1434 1419 1379
1379 1419 3375
1420 1435 1380
1390 1412 1381
1398 1381 1436
1412 1436 1381
1411 1389 1382
1437 1382 1397
1411 1382 1437
1409 1427 1383
1410 1384 1428
1385 1446 1393
1385 1393 3510
1432 1446 1385
3478 1385 3510
1447 1386 1394
1447 1433 1386
1387 1430 1391
1387 1435 1430
1429 1388 1392
1429 1434 1388
1411 1422 1389
1422 1461 1389
1461 1443 1389
2879 1389 1443
1421 1412 1390
1460 1421 1390
1442 1460 1390
1430 1397 1391
1398 1429 1392
1393 1448 1402
1393 1402 2942
1446 1448 1393
1449 1394 1401
1449 1447 1394
1400 1409 1395
1400 1395 1415
1410 1399 1396
1416 1396 1399
1437 1397 1430
1436 1429 1398
1426 1407 1399
1410 1426 1399
1413 1418 1399
1418 1416 1399
1425 1409 1400
1400 1417 1414
1415 1417 1400
3339 1425 1400
1416 1445 1401
1445 1449 1401
1444 1415 1402
1448 1444 1402
1440 2891 1403
2891 3045 1403
2921 1403 3045
1404 1441 2615
2862 1441 1404
1404 2615 2593
1404 2593 2807
1404 2807 3018
1404 3018 2862
1411 1405 1422
1411 1424 1405
3268 1422 1405
1433 3268 1405
1412 1421 1406
1412 1406 1423
3267 1406 1421
1432 3063 1406
1406 3267 1432
1426 1428 1407
1425 1408 1427
1408 1425 3339
1409 1425 1427
1426 1410 1428
1411 1437 1424
1423 1436 1412
1456 1418 1413
1459 1456 1413
1417 1457 1414
1457 1458 1414
1415 1457 1417
1444 1457 1415
1456 1416 1418
1416 1456 1445
1419 1436 1423
1434 1436 1419
1435 1420 1424
1460 1450 1421
1450 3267 1421
1451 1461 1422
1451 1422 3268
1424 1437 1435
1434 1429 1436
1435 1437 1430
1491 1454 1431
1431 1454 2599
1455 1491 1431
1432 3400 1446
3400 1432 3267
3454 1433 1447
3454 3268 1433
1438 1452 1470
1470 1474 1438
1453 1439 1471
2706 1439 1453
1475 1471 1439
1462 1452 1440
1452 2891 1440
1454 1462 1440
1455 1441 1463
1441 1455 2615
3091 1463 1441
3091 1441 2862
1468 1442 1458
1468 1460 1442
1469 1459 1443
1443 1459 2879
1461 1469 1443
1448 1472 1444
1472 1457 1444
1473 1449 1445
1456 1473 1445
1472 1448 1446
3320 1472 1446
3400 3320 1446
1449 1473 1447
1465 1447 1473
1465 3454 1447
1460 1464 1450
1450 1464 3320
1450 3400 3267
3400 1450 3320
1451 1465 1461
1465 1451 3454
1451 3268 3454
1452 1462 1470
3091 1453 1471
2706 1453 3091
1489 1462 1454
1491 1489 1454
1463 1490 1455
1490 1491 1455
1459 1469 1456
1473 1456 1469
1468 1458 1457
1472 1468 1457
1468 1464 1460
1461 1465 1469
1492 1470 1462
1489 1492 1462
1471 1493 1463
1463 3091 1471
1493 1490 1463
1464 1468 1472
1464 1472 3320
1469 1465 1473
1474 1479 1466
1475 1467 1480
1494 1474 1470
1492 1494 1470
1495 1471 1475
1495 1493 1471
1494 1479 1474
1480 1495 1475
1487 1513 1476
1510 1488 1476
1513 1510 1476
1519 1483 1477
1511 1477 1485
1511 1519 1477
1484 1520 1478
1512 1486 1478
1478 1520 1512
1479 2563 1481
1494 1501 1479
1479 1501 1521
1521 2563 1479
1516 1480 1482
1502 1495 1480
1502 1480 1522
1516 1522 1480
1517 1485 1481
1515 1517 1481
1515 1481 2563
1486 1518 1482
1518 1516 1482
1505 1487 1483
1519 1505 1483
1506 1484 1488
1506 1520 1484
1517 1511 1485
1512 1518 1486
1487 1505 1509
1509 1513 1487
1506 1488 1510
1491 1496 1489
1489 1496 1492
1497 1491 1490
1497 1490 1493
1500 1496 1491
1500 1491 1497
1498 1494 1492
1496 1498 1492
1495 1499 1493
1497 1493 1499
1507 1494 1498
1507 1501 1494
1495 1508 1499
1502 1508 1495
1503 1498 1496
1500 1503 1496
1499 1504 1497
1504 1500 1497
1503 1507 1498
1508 1504 1499
1500 1514 1503
1514 1500 1504
1507 1535 1501
1501 1525 1521
1535 1525 1501
1536 1508 1502
1522 1526 1502
1526 1536 1502
1523 1507 1503
1514 1523 1503
1508 1524 1504
1524 1514 1504
1530 1509 1505
1519 1530 1505
1510 1531 1506
1531 1520 1506
1523 1553 1507
1553 1535 1507
1554 1524 1508
1536 1554 1508
1527 1513 1509
1527 1509 1530
1513 1528 1510
1510 1528 1531
1517 1541 1511
1537 1519 1511
1541 1537 1511
1542 1518 1512
1520 1538 1512
1538 1542 1512
1527 1532 1513
1532 1528 1513
1523 1514 1529
1524 1529 1514
1517 1515 1549
1521 1515 2563
1521 2611 1515
1549 1515 1551
2611 1551 1515
1518 1550 1516
1552 1522 1516
1550 1552 1516
1517 1549 1541
1542 1550 1518
2582 1530 1519
1537 1533 1519
1533 2582 1519
1531 1534 1520
1534 1538 1520
1525 2611 1521
1526 1522 1558
1558 1522 1552
1546 1523 1529
1546 1553 1523
1546 1529 1524
1554 1546 1524
1535 2610 1525
2610 1557 1525
1525 1557 2611
1536 1526 1582
1526 1558 1582
1530 1544 1527
1527 1543 1532
1547 1543 1527
1544 1547 1527
1545 1531 1528
1532 1543 1528
1543 1548 1528
1548 1545 1528
1539 1544 1530
2789 1539 1530
2582 2789 1530
1531 1556 1534
1545 1540 1531
1540 1556 1531
1537 1563 1533
1580 1555 1533
1533 1555 2582
1563 1561 1533
1561 1580 1533
1564 1538 1534
1556 1579 1534
1562 1564 1534
1579 1562 1534
1553 1618 1535
1581 1535 1618
1535 1581 2610
1554 1536 1619
1536 1582 1619
1541 1567 1537
1567 1563 1537
1538 1568 1542
1564 1568 1538
1544 1539 1565
1559 2591 1539
2605 1559 1539
2591 1565 1539
2605 1539 2789
1540 1545 1566
1540 2604 1556
2564 1560 1540
1560 2604 1540
1566 2564 1540
1549 1569 1541
1541 1569 1567
1542 1570 1550
1568 1570 1542
1620 1543 1547
1543 1621 1548
1641 1543 1620
1543 1641 1621
1596 1547 1544
1596 1544 1565
1548 1597 1545
1545 1597 1566
1630 1553 1546
1554 2528 1546
2528 1630 1546
1620 1547 1596
1548 1621 1597
1551 1575 1549
1569 1549 1575
1576 1552 1550
1570 1576 1550
1557 1575 1551
1557 1551 2611
1558 1552 1576
1630 1618 1553
1619 2528 1554
3303 1555 1580
1555 3103 2582
1555 3303 2861
1555 2861 3410
3296 3103 1555
3296 1555 3410
2608 1579 1556
2604 3406 1556
3405 2608 1556
3405 1556 2860
3406 2860 1556
1575 1557 1608
1581 1608 1557
1581 1557 2610
1558 1576 1609
1558 1609 1582
3170 2591 1559
3254 1559 2605
3188 1559 2662
3356 2662 1559
3188 3170 1559
1559 3254 3356
1560 1586 1595
2612 1586 1560
2766 1560 1595
2564 2612 1560
3253 2604 1560
3253 1560 2766
1563 1613 1561
1633 1580 1561
1613 1633 1561
1614 1564 1562
1579 1634 1562
1634 1614 1562
1567 1613 1563
1564 1614 1568
1626 1596 1565
1669 1626 1565
3232 1669 1565
3170 1565 2591
3232 1565 3170
1670 1588 1566
1566 1588 2564
1597 1627 1566
1627 1670 1566
1637 1567 1569
1616 1613 1567
1637 1616 1567
1568 1638 1570
1614 1617 1568
1617 1638 1568
1575 2867 1569
2867 1637 1569
1570 1629 1576
1638 1629 1570
1577 1571 3241
1577 3248 1571
1589 3114 1571
3248 1589 1571
1571 1624 3241
3394 1624 1571
3165 1571 3114
1571 3165 3394
1590 3154 1572
1590 1572 3162
1625 1599 1572
1572 1599 3162
3311 1625 1572
3154 3311 1572
1573 3254 2605
1573 2605 3410
2634 1573 3028
3254 1573 2634
1573 3308 3028
3308 1573 3410
1643 1574 2766
1643 3357 1574
1574 2604 3253
1574 3406 2604
1574 3253 2766
3297 1574 3357
1574 3297 3406
1608 1628 1575
1628 2867 1575
1576 1629 1609
3241 2784 1577
3419 1577 2784
3076 1577 2994
2994 1577 3419
3076 3248 1577
1578 2873 2785
3311 1578 2785
2816 3089 1578
3154 2816 1578
1578 3094 2873
3094 1578 3089
3154 1578 3311
1579 1584 1611
1584 1579 2608
1611 1634 1579
1612 1583 1580
1583 3303 1580
1633 1612 1580
1635 1608 1581
1618 1654 1581
1654 1635 1581
1582 1609 1636
2703 1619 1582
1582 1636 2703
3039 1591 1583
1583 1591 3303
1606 1583 1612
1606 3039 1583
1592 1584 2608
1592 2967 1584
1584 1607 1611
2967 1607 1584
1622 1587 1585
1587 3188 1585
1585 1610 1600
1622 1585 1600
1610 1585 2662
3188 2662 1585
1588 1601 1586
1588 1586 2612
1595 1586 1615
1586 1601 1615
1622 3440 1587
1688 1669 1587
1587 1669 3232
3440 1688 1587
1587 3170 3188
1587 3232 3170
1588 1623 1601
2637 1623 1588
1670 2637 1588
2564 1588 2612
1589 2932 1604
1589 1604 3114
2762 2932 1589
3248 2762 1589
1605 2931 1590
1605 1590 3162
2931 1682 1590
1682 3154 1590
3203 1646 1591
1591 1646 3491
3039 3203 1591
3303 1591 3404
1591 3491 3404
3233 1592 1647
1647 1592 3474
1592 2608 3405
2967 1592 3233
3405 3474 1592
1593 1602 2727
3404 1602 1593
3308 1593 2727
2861 1593 3308
3404 1593 2861
1603 1594 3415
1594 1603 3474
1594 2860 3297
1594 3405 2860
1594 3297 3415
3405 1594 3474
1648 1595 1615
2940 1595 1648
3124 2766 1595
2940 3354 1595
1595 3354 3124
1739 1620 1596
1596 1626 1733
1733 1739 1596
1621 1740 1597
1597 1734 1627
1597 1740 1734
2676 1598 1604
1604 1598 3114
1598 2919 2478
3394 1598 2478
2676 2736 1598
2736 2919 1598
3114 1598 3165
1598 3394 3165
1605 1599 2721
3162 1599 1605
1625 2480 1599
2713 1599 2480
2713 2721 1599
1644 1600 1610
1622 1600 1656
1631 1600 1644
1656 1600 1631
1645 1615 1601
1601 1623 1657
1632 1645 1601
1632 1601 1657
3241 1624 1602
3365 1602 1624
1646 1659 1602
3491 1646 1602
1659 3155 1602
1659 1602 3365
1659 3403 1602
2727 1602 3403
2784 1602 2865
3241 1602 2784
2865 1602 3155
3491 1602 3404
1658 1647 1603
1647 3474 1603
2418 1658 1603
2418 1603 3093
2873 1603 2785
2785 1603 3346
3093 1603 2873
1603 3096 3346
3096 1603 3435
1603 3415 3435
1701 1671 1604
2676 1604 1671
2802 1701 1604
1604 2932 2802
1672 1702 1605
1605 2721 1672
1691 1605 1702
1605 1691 2931
1612 2415 1606
1606 2415 3479
3039 1606 3506
1606 3479 3506
1607 2416 1611
1607 2786 2416
1607 2967 2786
1675 1628 1608
1635 1675 1608
1629 1676 1609
1676 1636 1609
1644 1610 1651
1651 1610 1649
1649 1610 2609
2609 1610 3356
3356 1610 2662
2622 1634 1611
2416 2622 1611
1668 1612 1633
2415 1612 1668
1616 1703 1613
1711 1633 1613
1613 1703 1711
1614 1704 1617
1634 1712 1614
1712 1704 1614
1615 1645 1650
1648 1615 1650
1697 1616 1637
1703 1616 1697
1638 1617 1698
1704 1698 1617
1630 2646 1618
2646 1654 1618
1619 1655 2659
1655 1619 2703
1619 2614 2528
1619 2659 2614
1755 1641 1620
1755 1620 1739
1641 1756 1621
1621 1756 1740
1683 1622 1656
1622 1683 3440
1684 1657 1623
1689 1684 1623
2637 1689 1623
1677 1624 1661
2478 1661 1624
3365 1624 1677
1624 3394 2478
1625 3346 1678
1625 1678 3452
3452 2480 1625
1625 3311 2785
2785 3346 1625
1669 1733 1626
1670 1627 1734
1713 1637 1628
1628 1637 2867
1724 1628 1675
1724 1713 1628
1714 1629 1638
1676 1629 1725
1725 1629 1714
1692 2646 1630
2659 1692 1630
2614 1630 2528
2614 2659 1630
1644 1666 1631
1666 1656 1631
1645 1632 1667
1632 1657 1667
1717 1668 1633
1711 1717 1633
1712 1634 1718
2622 1718 1634
1654 1709 1635
1709 1675 1635
1676 1710 1636
1710 2791 1636
1636 3204 2703
2791 3204 1636
1713 1697 1637
1698 1714 1638
1639 2994 3040
1639 3118 2994
1639 3030 3118
3507 3030 1639
1639 3040 3506
1639 3479 3113
3507 1639 3113
3506 3479 1639
1640 2786 2842
2786 1640 3173
2841 1640 2842
3390 1640 2841
3173 1640 2911
1640 3411 2911
3411 1640 3390
1755 1771 1641
1771 1756 1641
1661 1642 2727
3335 1642 1661
3028 2727 1642
1642 2799 3028
1642 3335 2799
3357 1643 1660
1660 1643 3446
2739 2946 1643
3124 2739 1643
2766 3124 1643
2946 3446 1643
3501 1644 1651
1666 1644 1674
3501 1674 1644
1673 1650 1645
1673 1645 1667
3155 1659 1646
1646 2417 3155
1646 3203 2417
1647 1658 2418
3233 1647 2418
1648 1650 3186
1664 2940 1648
3186 1664 1648
1649 1665 1651
1649 2760 1665
3121 1649 2609
1649 3121 2760
1673 3186 1650
1651 1665 3489
3489 3501 1651
2760 1652 2663
2663 1652 2821
2821 1652 2736
2736 1652 2919
3250 1652 2760
3038 2919 1652
3250 3038 1652
1653 2626 2713
1653 2876 2626
1653 2713 3001
2856 2876 1653
1653 3080 2856
1653 3001 2946
1653 2946 3445
1653 3445 3080
1699 1709 1654
2684 1699 1654
2646 2684 1654
1700 2685 1655
1700 1655 2791
1655 2685 2659
3204 1655 2703
2791 1655 3204
1656 1666 1683
1667 1657 1684
3412 1659 3365
1659 3412 3403
1678 3416 1660
3452 1678 1660
2480 1660 3446
1660 2480 3452
3416 3357 1660
1662 1677 1661
1661 2727 1662
1661 2478 3002
3355 1661 3002
3355 3335 1661
1662 3412 1677
2727 3403 1662
3412 1662 3403
1663 1678 2710
1663 3416 1678
3096 1663 2710
1663 3096 3435
1663 3435 3416
1680 2856 1664
1680 1664 3186
3080 1664 2856
1664 3080 2940
1679 1665 2663
1665 1679 3489
1665 2760 2663
1693 1666 1674
1666 1693 1683
1667 1694 1673
1694 1667 1684
1717 1737 1668
1737 2481 1668
2421 2415 1668
2481 2421 1668
1669 1688 1731
1731 1733 1669
1670 1689 2637
1689 1670 3397
1734 1732 1670
3397 1670 1732
1707 1686 1671
1671 1686 2676
1701 1715 1671
2705 1707 1671
2705 1671 1715
1687 1708 1672
1672 2721 1687
1702 1672 1716
2616 1672 1708
1672 2616 1716
1680 1673 1720
1673 1680 3186
1694 1706 1673
1706 1720 1673
1705 1693 1674
1674 1719 1705
3501 1719 1674
1709 1751 1675
1675 1751 1724
1752 1710 1676
1676 1725 1752
3412 3365 1677
3346 2710 1678
1707 1679 1686
1679 2663 1686
1707 1719 1679
3501 1679 1719
1679 3501 3489
1687 1680 1708
1680 1687 2856
1708 1680 1720
1681 1690 2762
1681 3321 1690
2541 2419 1681
3321 1681 2419
2541 1681 3294
1681 2762 3252
3294 1681 3252
1682 1691 2479
1691 1682 2931
2420 2643 1682
3298 2420 1682
3298 1682 2479
3154 1682 2643
1693 1723 1683
1723 1726 1683
1726 3440 1683
1689 1727 1684
1722 1694 1684
1727 1722 1684
2852 1685 2481
1685 3507 2481
2483 2541 1685
2852 2483 1685
1685 2541 3030
1685 3030 3507
2663 2821 1686
2676 1686 2736
1686 2821 2736
2626 1687 2721
2876 1687 2626
2856 1687 2876
1731 1688 1726
1726 1688 3440
1727 1689 3397
2477 2872 1690
1690 3321 2477
2762 1690 2932
1690 2872 2802
2932 1690 2802
1702 2479 1691
1692 1730 2684
2685 1730 1692
1692 2684 2646
2659 2685 1692
1705 1723 1693
1706 1694 1722
2969 1695 1747
1695 3142 1747
2477 1695 2969
3321 1695 2477
3142 1695 2484
1695 3321 2484
2479 1702 1696
1696 1702 2623
1696 1748 2485
1696 2623 1748
1696 3298 2479
3298 1696 2485
1703 1697 1762
1697 1713 1757
1762 1697 1757
1704 1761 1698
1758 1714 1698
1761 1758 1698
1709 1699 1751
1741 1699 1730
1730 1699 2684
1741 1751 1699
1742 1730 1700
1700 1730 2685
1752 1742 1700
2791 1752 1700
1753 1715 1701
1747 1753 1701
2969 1747 1701
2872 1701 2802
2969 1701 2872
1716 1754 1702
1754 2623 1702
1762 1711 1703
1712 1763 1704
1761 1704 1763
1719 1735 1705
1705 1735 1723
1706 1736 1720
1706 1722 1736
1719 1707 1735
1728 1735 1707
1707 2705 1728
1720 1736 1708
1736 1729 1708
2616 1708 1729
1710 1752 2791
1776 1717 1711
1802 1711 1762
1802 1776 1711
1718 1777 1712
1712 1803 1763
1777 1803 1712
1767 1713 1724
1767 1757 1713
1714 1768 1725
1758 1768 1714
1715 1753 1745
1715 1745 2543
1715 2543 3291
2705 1715 3291
1754 1716 1746
1746 1716 2544
1716 3290 2544
1716 2616 3290
1776 1737 1717
1738 1777 1718
1738 1718 2622
1738 1721 1750
1721 1738 2851
2775 1750 1721
1721 2851 2732
1721 2732 2883
2781 2775 1721
2781 1721 2883
1722 1727 1744
1744 1736 1722
1726 1723 1743
1735 1743 1723
1774 1724 1751
1774 1767 1724
1725 1775 1752
1775 1725 1768
2543 1731 1726
1726 1743 2543
1732 2544 1727
3397 1732 1727
1744 1727 2544
1735 1728 1743
1743 1728 2543
1728 3291 2543
2705 3291 1728
1736 1744 1729
1729 1744 2544
3290 1729 2544
3290 2616 1729
1764 1741 1730
1742 1764 1730
1733 1731 1753
1753 1731 1745
1745 1731 2543
1734 1754 1732
1732 1754 1746
1732 1746 2544
1785 1739 1733
1753 1780 1733
1780 1785 1733
1740 1786 1734
1781 1754 1734
1734 1786 1781
1749 1737 1782
1749 2852 1737
1782 1737 1776
1737 2852 2481
1750 1783 1738
1783 1777 1738
2851 1738 2622
1785 1755 1739
1756 1786 1740
1772 1751 1741
1764 1772 1741
1752 1773 1742
1773 1764 1742
1778 1753 1747
1778 1747 1765
3345 1765 1747
1747 3142 3345
1748 1779 1766
2781 1748 1766
2623 1779 1748
2485 1748 2781
1782 1800 1749
1749 1800 2724
1749 2724 3465
1749 3465 2852
1801 1783 1750
2775 1801 1750
1774 1751 1772
1775 1773 1752
1778 1780 1753
1779 1754 1781
1754 1779 2623
1771 1755 1798
1798 1755 1785
1771 1799 1756
1799 1786 1756
1757 1793 1762
1767 1789 1757
1789 1793 1757
1761 1794 1758
1790 1768 1758
1794 1790 1758
3027 3012 1759
3012 3153 1759
3068 3027 1759
1759 3153 3068
2901 1760 2992
2901 3064 1760
2992 1760 3183
3064 3146 1760
1760 3146 3183
1763 1788 1761
1788 1794 1761
1787 1791 1762
1793 1787 1762
1791 1802 1762
1792 1788 1763
1803 1792 1763
1784 1772 1764
1773 1784 1764
1765 1804 1778
1765 1800 1804
2724 1800 1765
2724 1765 3345
1779 1805 1766
1805 1801 1766
1766 1801 2775
1766 2775 2781
1774 1806 1767
1806 1789 1767
1775 1768 1807
1790 1807 1768
2546 1795 1769
1795 2722 1769
2546 1769 2813
1769 2722 3041
3012 1769 2811
1769 3041 2811
1769 3012 2813
2696 1796 1770
1770 1796 3123
3042 2696 1770
3244 1770 2901
1770 3338 2901
3042 1770 3244
3338 1770 3123
1797 1771 1798
1771 1797 1799
1808 1774 1772
1784 1808 1772
1775 1809 1773
1809 1784 1773
1808 1806 1774
1807 1809 1775
1814 1782 1776
1776 1802 1814
1783 1815 1777
1815 1803 1777
1778 1826 1780
1778 1804 1812
1778 1812 1826
1781 1813 1779
1813 1805 1779
1826 1785 1780
1786 1827 1781
1827 1813 1781
1800 1782 1822
1782 1814 1822
1783 1801 1823
1823 1815 1783
1816 1808 1784
1809 1816 1784
1847 1798 1785
1826 1847 1785
1799 1848 1786
1827 1786 1848
1791 1787 1830
1793 1824 1787
1824 1830 1787
1788 1792 1831
1825 1794 1788
1831 1825 1788
1834 1793 1789
1832 1789 1806
1832 1834 1789
1794 1835 1790
1790 1833 1807
1835 1833 1790
1843 1802 1791
1830 1843 1791
1803 1844 1792
1844 1831 1792
1834 1824 1793
1825 1835 1794
1820 1818 1795
1795 1818 2722
1795 1863 1820
1795 1857 1863
1795 2546 1857
1819 1821 1796
1819 1796 2696
1821 2735 1796
1796 2735 2585
3123 1796 2585
1849 1797 1798
1849 1799 1797
1855 1798 1847
1855 1849 1798
1856 1848 1799
1849 1856 1799
1800 1839 1804
1839 1800 1822
1840 1801 1805
1801 1840 1823
1802 1853 1814
1802 1843 1853
1854 1803 1815
1844 1803 1854
1804 1845 1812
1845 1804 1839
1846 1805 1813
1846 1840 1805
1808 2863 1806
1841 1832 1806
2863 1841 1806
1807 1829 1809
1807 1842 1829
1833 1842 1807
1816 1828 1808
1808 1828 2863
1829 1816 1809
1818 2600 1810
1818 1810 2722
2566 1810 2600
3008 1810 2566
2722 1810 3041
2887 1810 3008
3041 1810 2887
1819 1811 2602
1811 1819 2696
2888 2602 1811
1811 2696 3042
1811 3392 2888
3392 1811 3042
1850 1826 1812
1845 1850 1812
1851 1813 1827
1851 1846 1813
1814 1859 1822
1853 1859 1814
1860 1815 1823
1815 1860 1854
1828 1816 1836
1836 1816 1829
2658 2887 1817
3256 2658 1817
2767 2888 1817
2767 1817 3008
1817 2887 3008
2888 3392 1817
1817 3392 3255
3255 3520 1817
3520 3256 1817
1820 1837 1818
1818 1837 3006
2600 1818 2487
2487 1818 3006
1838 1821 1819
1838 1819 2958
2602 2958 1819
1820 2424 1837
1820 1863 1896
1820 1896 2424
1838 2425 1821
2490 1864 1821
1821 1864 2735
2490 1821 2425
1839 1822 1882
1882 1822 1859
1840 1860 1823
1869 1830 1824
1824 1834 1861
1861 1869 1824
1831 1870 1825
1862 1835 1825
1870 1862 1825
1890 1847 1826
1826 1850 1890
1891 1827 1848
1891 1851 1827
1828 1836 1876
1828 2624 1841
1841 2863 1828
1876 2624 1828
1836 1829 1877
1842 1879 1829
1877 1829 1879
1884 1843 1830
1869 1884 1830
1844 1885 1831
1831 1885 1870
3065 1834 1832
1841 3065 1832
1833 1835 3122
3122 1842 1833
1861 1834 2428
1834 3065 2428
3122 1835 1862
1873 1876 1836
1877 1873 1836
2424 2982 1837
2982 3006 1837
2983 2425 1838
2488 1838 2958
1838 2488 3467
3467 2983 1838
1865 1845 1839
1882 1865 1839
1866 1840 1846
1860 1840 1886
1866 1883 1840
1883 1886 1840
2624 1871 1841
1871 3065 1841
1879 1842 1872
1872 1842 3122
1853 1843 1884
1854 1885 1844
1867 1850 1845
1865 1867 1845
1851 1868 1846
1868 1866 1846
1914 1855 1847
1914 1847 1890
1856 1915 1848
2709 1891 1848
1915 2709 1848
1855 1927 1849
1927 1856 1849
1867 3136 1850
1890 1850 1898
3136 1898 1850
1868 1851 1899
2977 1851 1891
2977 1899 1851
1918 1857 1852
1852 1857 2691
2674 1918 1852
3052 2674 1852
1852 2691 3262
3052 1852 3301
3368 1852 3262
3301 1852 3368
1900 1859 1853
1884 1904 1853
1853 1904 1900
1860 1901 1854
2700 1885 1854
1901 1905 1854
1905 2700 1854
1914 1912 1855
1855 1912 1927
1856 1913 1915
1927 1913 1856
1863 1857 1930
1918 1930 1857
2691 1857 2546
1864 1931 1858
1858 2585 1864
1858 1931 2674
2585 1858 3052
1858 2674 3052
1882 1859 1887
1859 1910 1887
1900 1910 1859
1911 1860 1886
1911 1901 1860
1861 2817 1869
1861 2428 2427
2908 1861 2427
1861 2908 2817
1870 2913 1862
2778 1862 2831
3122 1862 2778
2913 2831 1862
2748 1896 1863
1863 1930 2748
1897 1864 2490
2747 1864 1897
1931 1864 2747
1864 2585 2735
1880 1867 1865
1882 1880 1865
1868 1881 1866
1866 1881 1883
1880 1903 1867
1903 3136 1867
1881 1868 1902
1868 1899 1902
1869 3208 1884
3208 1869 2817
1885 3161 1870
3161 2913 1870
1871 1874 3065
3316 1874 1871
1878 1871 2624
2782 1871 1878
1871 2782 3316
1875 1872 3122
3424 1872 1875
1879 1872 2492
2492 1872 3424
1942 1876 1873
1877 1943 1873
1939 1942 1873
1943 1939 1873
1894 2427 1874
3316 1894 1874
2428 1874 2427
1874 2428 3065
1875 2429 1895
1895 3424 1875
1875 2778 2429
1875 3122 2778
1946 1878 1876
1876 1878 2624
1946 1876 1942
1879 1947 1877
1877 1947 1943
1946 1956 1878
1878 1956 2782
2492 1947 1879
1892 1880 1882
1892 1903 1880
1883 1881 1893
1902 1893 1881
1887 1920 1882
1892 1882 1920
1919 1886 1883
1883 1893 1919
3398 1904 1884
3208 2980 1884
1884 2980 3398
2700 3224 1885
3224 3161 1885
1886 2749 1911
1919 2749 1886
1969 1887 1910
1941 1920 1887
1969 1941 1887
1908 1923 1888
3370 1908 1888
1888 1923 1921
2908 1888 1921
1888 2908 2427
3370 1888 2427
1889 3085 1922
3271 1889 1922
1889 2429 2831
1889 3467 2429
2831 2913 1889
1889 2913 3085
1889 2983 3467
3496 2983 1889
3496 1889 3271
3460 1890 1898
1944 1914 1890
1890 1934 1944
1934 1890 3460
2780 1891 2709
2780 3021 1891
1891 3021 2977
1892 1932 1903
1920 1932 1892
1902 1933 1893
1933 1919 1893
2427 1894 2495
2495 1894 3194
3316 3194 1894
1895 2429 2769
2431 1895 2769
3031 1895 2431
1895 3031 3424
1896 2715 2424
3131 2715 1896
1896 2748 2777
3130 1896 2777
3130 3131 1896
1897 2490 2425
1897 2425 2716
2716 3111 1897
3344 2747 1897
1897 3111 3371
1897 3371 3344
1898 3136 3519
3519 3460 1898
1902 1899 1917
1899 3098 1917
2977 3098 1899
1904 1994 1900
1967 1910 1900
1994 1967 1900
1968 1905 1901
1911 1968 1901
1907 1902 1917
3210 1902 1907
1933 1902 3210
1903 1906 1916
1903 3396 1906
3519 1903 1916
1932 3396 1903
3519 3136 1903
1994 1904 3398
1905 1968 2589
2700 1905 2589
1906 2554 1916
1936 2554 1906
1936 1906 3396
2555 1907 1917
1937 1907 2555
3210 1907 1937
1923 1908 3082
2551 1908 2434
1908 2715 2434
1908 2551 3221
1908 2982 2715
3370 2982 1908
3082 1908 3221
1909 2491 3220
2491 1909 3496
2550 1909 2568
2716 1909 2550
1909 2552 2568
1909 3220 2552
1909 2716 2983
1909 2983 3496
1969 1910 1967
1970 1968 1911
2749 1970 1911
1912 1914 1961
2009 1927 1912
1961 2009 1912
1915 1913 3258
2010 1913 1927
2010 1962 1913
1962 3258 1913
1961 1914 1944
1915 1945 2780
3258 1945 1915
2780 2709 1915
2554 3519 1916
3098 2555 1917
2655 1930 1918
2597 2655 1918
2674 2597 1918
1933 1940 1919
1919 1940 2749
1941 1932 1920
1923 1929 1921
1929 2908 1921
1928 2756 1922
3085 1928 1922
2756 2567 1922
2567 3271 1922
1929 1923 3082
1924 2491 2567
2491 1924 3081
2756 1924 2567
1924 2756 3081
3221 2551 1925
1925 2551 3306
3082 3221 1925
3306 3082 1925
3220 3081 1926
3081 3304 1926
3220 1926 3442
3442 1926 3304
2034 1927 2009
2034 2010 1927
2568 2552 1928
2552 3304 1928
1928 2561 2568
2913 2561 1928
2756 1928 3081
2913 1928 3085
3081 1928 3304
3270 1929 2551
3306 2551 1929
2908 1929 2817
3270 2817 1929
1929 3082 3306
2748 1930 1981
2954 1981 1930
2655 2800 1930
1930 2800 2954
1931 2597 2674
2866 2597 1931
2795 1931 2747
2795 2866 1931
1941 1949 1932
1949 1954 1932
1954 3396 1932
1940 1933 1948
1948 1933 1955
1933 3210 1955
1944 1934 3423
2443 1934 2554
3423 1934 2443
2554 1934 3460
1945 1935 2780
3463 1935 1945
1935 2555 3098
3463 2555 1935
2780 1935 3021
3021 1935 3098
1950 2443 1936
1936 3396 1950
2443 2554 1936
1966 1951 1937
1937 1951 3210
2555 1966 1937
1938 2573 2561
2561 3161 1938
1938 3004 2573
1938 3020 3004
3224 3020 1938
3224 1938 3161
2032 1942 1939
1943 2033 1939
1939 2052 2032
2052 1939 2033
1948 2006 1940
2008 1970 1940
1940 1970 2749
1940 2006 2008
1941 1998 1949
2007 1941 1969
1998 1941 2005
2005 1941 2007
2040 1946 1942
2032 2040 1942
1947 2041 1943
2041 2033 1943
1989 1961 1944
1975 1989 1944
1944 3423 1975
3258 3286 1945
3286 3463 1945
2671 1956 1946
2040 2671 1946
1957 1947 2492
1957 2731 1947
2045 2041 1947
2731 2045 1947
1955 1974 1948
3334 1948 1974
1999 2006 1948
3334 1999 1948
1954 1949 1973
1988 1973 1949
2910 1988 1949
1998 2910 1949
1973 1950 1954
1950 3396 1954
1973 1960 1950
1950 1960 1975
2443 1950 1975
3210 1951 1955
3469 1955 1951
1976 1959 1951
3469 1951 1959
1951 1966 1976
1963 2445 1952
1963 1952 2850
1979 2532 1952
1952 3305 1979
3305 1952 2445
2495 1952 2754
2495 2850 1952
1952 2532 2754
1980 1953 2843
2949 1953 1980
2444 2849 1953
3134 2444 1953
1953 2849 2843
2949 3134 1953
1974 1955 3469
1956 1977 2782
1977 1956 2868
2671 2868 1956
1978 2650 1957
1957 3348 1978
1957 2492 3348
2650 2731 1957
2434 1958 2551
1958 2434 2875
2437 2436 1958
2551 1958 2436
2437 1958 2439
2875 2439 1958
1987 1974 1959
1974 3469 1959
1987 1959 1976
1960 1973 1988
1960 1988 1975
2638 1961 1989
2916 2009 1961
2916 1961 2638
3070 1990 1962
1962 1990 3258
1962 2010 3092
3092 3070 1962
2445 1963 2950
2950 1963 2850
2505 1964 2526
2625 1964 2505
2526 1964 3117
2625 3055 1964
2907 1964 2845
2845 1964 3055
3117 1964 2907
1965 3330 1986
1965 1986 3502
1965 2926 3020
2926 1965 3502
3224 1965 3020
1965 3224 3330
1966 3463 1976
1966 2555 3463
2007 1969 1967
1994 2007 1967
1970 2008 1968
1968 2008 1995
2589 1968 1995
2436 2437 1971
2436 1971 3036
3426 1971 2437
1971 3498 3036
1971 3426 3279
3498 1971 3279
1972 2438 3083
3425 2438 1972
3083 3037 1972
3037 3531 1972
3438 3425 1972
3438 1972 3531
1987 3166 1974
3166 3334 1974
1988 2501 1975
1975 2503 1989
3423 2443 1975
2503 1975 2501
1992 1987 1976
3053 1992 1976
3053 1976 3286
3463 3286 1976
2502 1977 2639
2502 3071 1977
1977 2868 2639
1977 3071 2782
2506 2650 1978
1978 3097 2506
1978 3348 3097
1979 2039 1993
1979 1993 2489
2024 2037 1979
3305 2024 1979
2037 2039 1979
2489 2532 1979
2587 1993 1980
1993 2768 1980
1980 2583 2549
2587 1980 2549
1980 2843 2583
2768 2949 1980
1981 1983 2777
1981 3508 1983
1981 2777 2748
2954 3508 1981
1984 1982 2996
1984 3530 1982
1982 2866 2795
3453 1982 2795
2866 1982 3530
2996 1982 3453
2440 2689 1983
1983 3104 2440
2689 2777 1983
3508 3104 1983
2990 2442 1984
3530 1984 2442
3344 2990 1984
1984 2996 3344
3247 1994 1985
1994 3398 1985
1985 2625 2505
1985 2505 3247
3398 2625 1985
1986 2589 1995
1995 3263 1986
1986 3330 2589
3502 1986 3263
1992 3166 1987
1991 1988 2002
2501 1988 1991
2017 2002 1988
2017 1988 2910
1989 2503 2638
2504 3053 1990
1990 3070 2504
1990 3053 3286
3286 3258 1990
2002 1996 1991
1996 2030 1991
2030 2975 1991
1991 2503 2501
1991 2975 2503
2031 1997 1992
3193 1992 1997
2974 2031 1992
2974 1992 2504
1992 3053 2504
3166 1992 3193
1993 2039 2768
2489 1993 2587
2050 2007 1994
2050 1994 2508
1994 3247 2508
1995 2008 2051
2051 2857 1995
2857 3263 1995
2021 1996 2002
1996 2021 2030
1997 2031 2020
2020 3193 1997
2005 2042 1998
2042 2017 1998
1998 2017 2910
2043 2006 1999
2018 2019 1999
2018 1999 3334
2019 2043 1999
2003 3279 2000
2003 2000 3426
2000 3279 3426
2004 2001 3280
2001 2004 3425
3280 2001 3425
2021 2002 2017
2013 3391 2003
2003 3515 2013
2003 2022 3279
3391 2022 2003
3364 2003 3426
3515 2003 3364
3428 2014 2004
3514 2004 2014
2004 3280 2023
2023 3428 2004
3425 2004 3351
3351 2004 3514
2050 2005 2007
2050 2042 2005
2051 2008 2006
2043 2051 2006
2029 2056 2009
2029 2009 2916
2009 2056 2034
2057 2028 2010
3092 2010 2028
2057 2010 2034
2015 3036 2011
2015 2011 3522
2022 2790 2011
2011 3279 2022
2011 2790 3522
3036 3498 2011
3498 3279 2011
2686 2016 2012
3196 2012 2016
2023 2012 3196
2012 2023 3438
3531 2686 2012
2012 3438 3531
3003 2013 3120
2013 3003 3391
3120 2013 3461
3461 2013 3515
2014 3505 3218
2014 3218 3514
3505 2014 3428
2015 2907 3036
2015 3524 2907
3522 2984 2015
2984 3524 2015
2047 2510 2016
2926 2047 2016
2510 3196 2016
2686 2926 2016
2021 2017 2912
2017 2042 2912
2925 2019 2018
2020 2925 2018
2018 3166 2020
2018 3334 3166
2925 2043 2019
2020 2031 2818
2925 2020 2818
3166 3193 2020
2030 2021 2070
2021 2062 2070
2912 2062 2021
2790 2022 3391
2023 2909 3428
2023 3511 2909
3511 2023 3196
2023 3280 3438
2026 3171 2024
2026 2024 3367
2037 2024 3127
3127 2024 3171
2024 3305 3367
2025 2027 3134
3174 2027 2025
2038 2697 2025
2949 2038 2025
2697 3174 2025
2949 2025 3134
2026 3144 2035
2035 3439 2026
2026 3439 2899
2026 2899 3472
2026 3367 3144
2026 3472 3171
2027 2036 2826
3116 2036 2027
2027 2773 3116
2773 2027 3174
2826 3134 2027
2028 2049 2031
2028 2031 2974
2057 2049 2028
2028 2974 2504
3070 2028 2504
2028 3070 3092
2048 2029 2030
2030 2029 2975
2048 2056 2029
2029 2916 2638
3050 2029 2638
2975 2029 3050
2048 2030 2070
3328 2031 2049
2031 3328 2818
2032 2100 2040
2052 2072 2032
2072 2100 2032
2041 2101 2033
2073 2052 2033
2101 2073 2033
2632 2034 2056
2632 2057 2034
3144 3312 2035
2035 3312 3529
3529 3439 2035
2036 2556 2433
2826 2036 2433
2556 2036 3116
2037 2085 2039
2079 2085 2037
2079 2037 3127
2039 2085 2038
2039 2038 2768
2080 2069 2038
2038 2069 2697
2080 2038 2085
2949 2768 2038
2092 2044 2040
2040 2044 2671
2100 2092 2040
2045 2093 2041
2093 2101 2041
2074 2042 2050
2042 2074 2053
2053 2912 2042
2043 2075 2051
2043 2054 2075
2925 2054 2043
2092 2058 2044
2044 2058 2868
2044 2868 2671
2059 2093 2045
2059 2045 2771
2771 2045 2731
2509 2046 2984
2509 3513 2046
2745 2526 2046
3117 2046 2526
2745 2046 2961
2961 2046 3061
2984 2046 3524
2046 3513 3061
2046 3117 3524
2047 2688 2447
2047 2447 2695
3214 2510 2047
2047 3502 2688
3214 2047 2695
2047 2926 3502
2070 2056 2048
2057 2071 2049
3328 2049 2071
2089 2074 2050
2508 2089 2050
2051 2075 2090
2090 2857 2051
2091 2072 2052
2073 2091 2052
2053 2114 2060
2912 2053 2060
2074 2096 2053
2053 2096 2114
2061 2115 2054
2061 2054 2925
2097 2075 2054
2097 2054 2115
2597 2055 2655
2866 2055 2597
2642 2669 2055
2642 2055 3195
2055 2800 2655
2055 2669 2885
2800 2055 2885
3195 2055 2866
2070 2105 2056
2105 2632 2056
2071 2057 2104
2104 2057 2632
2141 2065 2058
2058 2065 2868
2092 2126 2058
2126 2130 2058
2058 2130 2141
2064 2059 2771
2064 3202 2059
2059 2127 2093
2059 2131 2127
2059 3202 2131
2114 2062 2060
2060 2062 2912
2063 2107 2061
2061 2925 2063
2107 2115 2061
2070 2062 2106
2114 2106 2062
2107 2063 2071
2063 2818 2071
2063 2925 2818
2064 2897 2076
2076 3202 2064
2650 2064 2771
2650 2897 2064
3010 2065 2141
2868 2065 2639
2065 3023 2639
2065 3010 3023
2068 2066 2743
2066 2068 3175
2743 2066 3023
2899 3023 2066
2899 2066 3175
2069 2596 2067
2067 3174 2069
2596 2086 2067
2086 3116 2067
2773 2067 3116
3174 2067 2773
2068 2743 3302
2068 2794 3127
2068 3302 2794
3127 3329 2068
3175 2068 3329
2080 2858 2069
2069 3017 2596
2069 3174 2697
2858 3017 2069
2070 2112 2105
2070 2106 2112
2104 2113 2071
2107 2071 2113
2818 3328 2071
2091 2139 2072
2072 2139 2100
2140 2091 2073
2101 2140 2073
2089 2124 2074
2124 2096 2074
2125 2090 2075
2097 2125 2075
2076 2897 2086
2086 3229 2076
3202 2076 2579
3229 2579 2076
2941 2082 2077
2077 2082 3500
2084 2941 2077
2084 2077 3517
3283 2077 3429
2077 3283 3517
2077 3500 3429
2081 3360 2078
3457 2081 2078
2078 2083 3016
3360 2083 2078
2682 2078 3016
2682 3457 2078
2132 2085 2079
2117 2132 2079
2079 2794 2117
2794 2079 3127
2085 2133 2080
2118 2080 2133
2080 2118 2858
2081 2497 2446
2446 3152 2081
3457 2497 2081
2081 3152 2957
3360 2081 2957
2447 2498 2082
2082 3128 2447
3500 2082 2498
3060 2082 2941
3393 2082 3060
3393 3128 2082
2102 3343 2083
3358 2102 2083
2083 2509 3016
3343 2509 2083
3360 3358 2083
3323 2084 2510
2510 2084 3517
2084 3272 2941
2084 3533 3272
3533 2084 3323
2132 2136 2085
2133 2085 2136
3229 2086 2596
2897 3116 2086
2087 2089 2508
2087 2649 2089
2087 2508 3178
3044 2649 2087
3362 3044 2087
3379 2087 3178
3362 2087 3379
2090 2680 2088
2090 2088 2857
2088 2168 2138
2088 2138 2894
2680 2168 2088
2857 2088 2447
2088 2894 2447
2089 2511 2124
2649 2511 2089
2704 2090 2125
2668 2680 2090
2704 2668 2090
2149 2139 2091
2140 2149 2091
2122 2092 2100
2122 2126 2092
2101 2093 2123
2127 2123 2093
2094 3152 2110
3251 2094 2110
2957 2094 2448
3251 2448 2094
3152 2094 2957
2095 2148 2111
3128 2095 2111
2148 2095 2449
2095 3060 2449
2095 3393 3060
2095 3128 3393
2114 2096 2182
2096 2124 2182
2115 2125 2097
3318 2108 2098
2108 3450 2098
2882 2820 2098
2820 3318 2098
2955 2882 2098
3450 2955 2098
3372 2099 2109
3448 2109 2099
3281 2956 2099
2956 3448 2099
3000 3281 2099
3000 2099 3372
2139 2122 2100
2140 2101 2123
2701 2102 2988
3223 2102 2701
2988 2102 3477
3343 2102 3223
2102 3358 3468
3477 2102 3468
2103 2515 3272
2515 2103 3430
2103 2695 2838
3521 2695 2103
2103 2838 3430
3533 2103 3272
2103 3323 3521
2103 3533 3323
2162 2113 2104
2104 2119 2162
2119 2104 2632
2112 2161 2105
2105 2161 2119
2105 2119 2632
2156 2112 2106
2114 2154 2106
2154 2156 2106
2113 2157 2107
2115 2107 2155
2107 2157 2155
2553 2108 2110
3319 2110 2108
2108 2553 2998
3450 2108 2998
3462 2108 3318
3319 2108 3462
2109 2111 2151
2111 2109 2935
3019 2109 2151
3019 2827 2109
2827 3372 2109
2935 2109 3195
2109 3126 3195
3448 3126 2109
2150 3251 2110
2150 2110 3319
2553 2110 2917
3152 2917 2110
2111 2148 2151
3128 2111 2935
2156 2161 2112
2157 2113 2162
2182 2154 2114
2183 2125 2115
2183 2115 2155
3022 2116 2654
2654 2116 3449
3067 2116 2669
2116 3401 2669
3022 2753 2116
2116 2753 3190
3449 2116 3067
2116 3190 3401
2117 2128 2159
2128 2117 3095
2117 2159 2132
3095 2117 2794
2129 2121 2118
2121 3017 2118
2129 2118 2160
2966 2118 2133
2966 2160 2118
2858 2118 3017
2161 2197 2119
2119 2197 2162
3034 2128 2120
2128 3095 2120
2557 3034 2120
3095 2557 2120
2121 2129 2902
3017 2121 2558
2121 3473 2558
2121 2902 3473
2152 2126 2122
2139 2158 2122
2158 2152 2122
2153 2123 2127
3246 2140 2123
2153 3246 2123
2124 2511 2182
2704 2125 2183
2130 2126 2152
2131 2153 2127
2143 2159 2128
2128 3010 2143
3034 3010 2128
2160 2144 2129
2902 2129 2144
2130 2744 2141
2130 2152 2744
2142 2171 2131
2142 2131 3202
2171 2153 2131
2132 2603 2136
2159 2165 2132
2165 2603 2132
2163 2133 2136
2163 2166 2133
2166 2966 2133
2449 2134 2146
2146 2134 3167
3060 2134 2449
2515 2134 3272
2134 2515 3383
2134 3060 2941
3272 2134 2941
3167 2134 3380
3380 2134 3383
2135 2957 2448
2135 2448 3441
2135 2513 3358
2513 2135 3458
3360 2957 2135
2135 3441 3157
3458 2135 3157
3358 3360 2135
2603 2163 2136
2137 2167 2796
2137 3132 2167
2516 3402 2137
3468 2516 2137
2137 2796 3362
3379 2988 2137
2988 3477 2137
3402 3132 2137
2137 3362 3379
2137 3477 3468
2168 2806 2138
2806 2205 2138
2205 3526 2138
2838 2894 2138
2838 2138 3430
3430 2138 3383
2138 3526 3383
2139 2149 3231
2158 2139 3231
2149 2140 2164
3246 2164 2140
2141 2962 2143
3010 2141 2143
2170 2172 2141
2170 2141 2744
2141 2172 2962
2144 2142 2579
2144 3387 2142
3387 2171 2142
2142 3202 2579
2159 2143 2962
2160 3387 2144
2144 2579 3473
2902 2144 3473
2147 2186 2145
3441 2147 2145
2195 2145 2186
2145 2195 3157
3157 3441 2145
2146 2148 2449
2148 2146 3163
3163 2146 2187
2146 3179 2187
2146 3167 3179
2150 2147 3251
3523 2147 2150
2147 2517 2186
2448 3251 2147
2448 2147 3441
2517 2147 3523
2148 2520 2151
2148 3163 2520
2149 2164 3231
2922 3072 2150
3319 2922 2150
3072 3523 2150
2191 3019 2151
3518 2191 2151
2520 3518 2151
2158 2178 2152
2178 2170 2152
2170 2744 2152
2171 3337 2153
3337 3246 2153
2154 2193 2156
2200 2154 2182
2200 2193 2154
2157 2194 2155
2201 2183 2155
2194 2201 2155
2161 2156 2180
2198 2180 2156
2193 2198 2156
2181 2157 2162
2181 2199 2157
2199 2194 2157
3260 2178 2158
2158 3231 3260
2165 2159 2172
2962 2172 2159
2166 2173 2160
2166 2160 2966
2173 3387 2160
2197 2161 2180
2197 2181 2162
2165 2163 2603
2165 3182 2163
2166 2163 2808
2808 2163 2192
3182 2192 2163
2933 2164 2179
2179 2164 3246
2933 2192 2164
2192 3289 2164
3260 3231 2164
2164 3293 3260
3289 3293 2164
2176 2165 2172
2165 2176 3182
2177 2173 2166
2177 2166 2808
2649 2167 2184
2167 3243 2184
2796 2167 2649
3132 3243 2167
2185 2228 2168
2168 2680 2185
2228 2218 2168
2218 2806 2168
2651 2188 2169
2188 3088 2169
2169 2654 2189
2189 3265 2169
2212 2651 2169
2169 3265 2212
2169 3022 2654
2753 3022 2169
2169 3088 2753
2176 2172 2170
2176 2170 2178
2173 3125 2171
2173 2171 3387
2171 3125 3337
2173 2177 3125
2512 2174 2516
2512 3525 2174
2174 3402 2516
3157 3421 2174
3458 3157 2174
3402 2174 3444
3444 2174 3421
3525 3458 2174
2522 2175 2205
2205 2175 3526
2522 3380 2175
3380 3383 2175
2175 3383 3526
2178 3182 2176
2179 2177 2808
2177 2179 3125
2178 3289 3182
3293 2178 3260
3289 2178 3293
2808 2933 2179
3125 2179 3337
2179 3246 3337
2213 2197 2180
2198 2213 2180
2181 2197 2214
2199 2181 2214
2200 2182 2210
2210 2182 2208
2511 2208 2182
2183 2201 2211
2183 2211 2209
2209 2704 2183
2511 2184 2208
2798 2208 2184
2227 2241 2184
2227 2184 3243
2241 2798 2184
2184 2511 2649
2209 2242 2185
2209 2185 2704
2242 2228 2185
2185 2680 2668
2704 2185 2668
2195 2186 3212
2186 2517 2835
3212 2186 2835
2196 3056 2187
3179 2196 2187
2675 2520 2187
3163 2187 2520
3056 2675 2187
2206 2188 2651
2206 2822 2188
2188 2822 3228
2188 3228 3088
2519 2207 2189
2189 2207 3265
2519 2189 3000
3000 2189 2654
2206 2190 2822
2206 3005 2190
2518 2190 2915
2190 2518 3276
3378 2822 2190
3005 2915 2190
3378 2190 3276
2191 2519 3381
2519 2191 3451
2521 3451 2191
2521 2191 3518
2191 3381 3019
2933 2808 2192
3289 2192 3182
2193 2229 2198
2200 2225 2193
2225 2229 2193
2199 2230 2194
2194 2226 2201
2230 2226 2194
2202 2195 2221
3157 2195 2202
3212 2221 2195
2196 3167 2203
2203 3205 2196
2196 3205 3056
3179 3167 2196
2213 2253 2197
2214 2197 2253
2229 2213 2198
2230 2199 2214
2235 2200 2210
2225 2200 2235
2236 2211 2201
2226 2236 2201
2221 3249 2202
3249 2231 2202
2231 3421 2202
3421 3157 2202
2522 2523 2203
2203 3167 2522
2523 3414 2203
2203 3277 3205
3414 3277 2203
2204 2244 2217
2217 3132 2204
2231 2244 2204
2204 3444 2231
2204 3132 3402
3402 3444 2204
3333 2245 2205
2245 3414 2205
2522 2205 2523
2523 2205 3414
2806 3333 2205
2246 2206 2215
2215 2206 2651
2206 2239 3005
2206 3239 2239
2206 2246 3239
2216 2207 2247
2207 2216 3265
2240 2247 2207
2889 2240 2207
2519 3451 2207
2207 3451 2889
2223 2210 2208
2223 2208 2798
2211 2224 2209
2209 2224 2242
2223 2248 2210
2248 2235 2210
2249 2224 2211
2236 2249 2211
2243 2215 2212
2215 2651 2212
2216 2243 2212
3265 2216 2212
2250 2213 2229
2250 2253 2213
2251 2230 2214
2253 2251 2214
2246 2215 2243
2216 2247 2243
2217 2227 3243
3332 2227 2217
2244 3332 2217
2217 3243 3132
2690 2218 2228
2690 2245 2218
2218 2245 3333
2806 2218 3333
2741 2221 2219
2221 3212 2219
2628 2828 2219
2628 2219 3189
2828 2741 2219
2835 2915 2219
2219 3212 2835
2915 3189 2219
2222 2220 3056
3101 2220 2222
2978 2675 2220
2220 2675 3056
2978 2220 2889
2220 3215 2889
2220 3101 3105
3215 2220 3105
2221 2741 2234
3249 2221 2234
2233 2222 2793
2233 3494 2222
2793 2222 3277
3205 2222 3056
3494 3101 2222
3277 2222 3205
2241 2258 2223
2223 2798 2241
2258 2248 2223
2259 2242 2224
2249 2259 2224
2272 2229 2225
2235 2254 2225
2254 2272 2225
2273 2226 2230
2255 2236 2226
2273 2255 2226
2241 2227 2274
2268 2274 2227
3332 2268 2227
2242 2275 2228
2275 2269 2228
2269 2690 2228
2272 2250 2229
2251 2273 2230
2231 2237 2262
2231 3249 2237
2262 2244 2231
3444 3421 2231
2263 2232 2245
2245 2232 3414
2232 2263 2793
2232 2793 3414
2793 2238 2233
3168 2233 2238
3168 3494 2233
2234 2237 3249
2237 2234 3436
2741 3015 2234
2234 3015 3436
2248 2266 2235
2266 2254 2235
2267 2249 2236
2267 2236 2255
2237 2647 2262
2237 3431 2647
3436 3431 2237
2793 2263 2238
3168 2238 2263
3189 3005 2239
3009 2239 3145
2239 3009 3189
3145 2239 3216
2239 3239 3216
2247 2240 2666
2240 3105 2666
3215 2240 2889
2240 3215 3105
2241 2301 2258
2274 2283 2241
2241 2283 2301
2302 2242 2259
2275 2242 2284
2284 2242 2302
2278 2246 2243
2247 2278 2243
2948 2256 2244
2256 3332 2244
2262 2948 2244
2257 2245 2690
2257 3324 2245
3324 2263 2245
2246 2278 2282
2246 2282 3399
3239 2246 2737
2737 2246 3399
2247 2281 2278
2247 2677 2281
2677 2247 2666
2258 2303 2248
2248 2317 2266
2303 2317 2248
2304 2259 2249
2318 2249 2267
2318 2304 2249
2297 2253 2250
2272 2297 2250
2253 2298 2251
2298 2273 2251
2260 2252 2451
2252 2260 3164
2252 2270 2895
2270 2252 3145
2451 2252 2895
3145 2252 2923
2252 3436 2923
2252 3164 3436
2297 2316 2253
2316 2298 2253
2266 2305 2254
2272 2254 2305
2306 2267 2255
2273 2306 2255
2976 2268 2256
2256 2268 3332
2290 2307 2256
2290 2256 2948
2307 2976 2256
2269 2308 2257
2269 2257 2690
2308 3324 2257
2300 2258 2301
2303 2258 2300
2302 2259 2299
2299 2259 2304
2972 2260 2264
2260 3176 2264
2451 3176 2260
3164 2260 2972
2265 2452 2261
2265 2261 3168
2450 2261 2452
3495 2261 2450
3168 2261 3494
2261 3495 3494
2290 2262 2896
2262 2290 2948
2293 2262 2647
2896 2262 2293
2280 2263 2294
2280 3168 2263
2263 2289 2294
2289 2263 3324
2279 2647 2264
3176 2279 2264
3431 2264 2647
3431 2972 2264
2280 3069 2265
2265 3168 2280
2452 2265 3069
2317 2305 2266
2306 2318 2267
2274 2268 2976
2275 2308 2269
2276 2895 2270
2270 3399 2276
3216 2737 2270
2737 3399 2270
3216 2270 3145
2277 2752 2271
2271 3495 2277
2677 2666 2271
2666 3105 2271
2271 2752 2677
2271 3105 3495
2337 2297 2272
2337 2272 2305
2338 2273 2298
2273 2338 2306
3138 2283 2274
2274 2976 3138
2284 2529 2275
2308 2275 2560
2275 2529 2560
2276 2282 3389
2282 2276 3399
2285 2895 2276
3389 2285 2276
2286 2277 2450
2286 2939 2277
2277 3495 2450
2939 2752 2277
2278 2281 2325
2282 2278 2313
2313 2278 2325
2293 2647 2279
2293 2279 2898
2898 2279 3109
3109 2279 3176
2294 3013 2280
3013 3106 2280
2280 3106 3069
3198 2325 2281
2752 2281 2677
2939 2281 2752
2939 3198 2281
2313 3389 2282
2301 2283 2287
2287 2283 2527
2527 2283 3138
2284 2302 2288
2288 2529 2284
2291 3109 2285
2291 2285 3389
2451 2895 2285
3109 2451 2285
3106 2292 2286
3198 2286 2292
2450 3106 2286
2286 3198 2939
2320 2301 2287
2320 2287 2453
2530 2453 2287
2527 2530 2287
2302 2336 2288
2454 2319 2288
2319 2531 2288
2288 2336 2321
2454 2288 2321
2288 2531 2529
2294 2289 2312
2289 2308 2323
2289 3324 2308
2312 2289 2331
2323 2331 2289
2322 2307 2290
2330 2290 2311
2290 2896 2311
2348 2322 2290
2330 2348 2290
2291 2324 2314
2291 2314 2898
3389 2324 2291
2898 3109 2291
2315 2292 3013
2315 3427 2292
3013 2292 3106
3427 3198 2292
2311 2293 2346
2896 2293 2311
2346 2293 3135
3135 2293 2898
2294 2312 3353
2294 3353 3013
2295 2309 2326
2295 2453 2309
2326 3388 2295
3492 2453 2295
3388 3516 2295
3516 3492 2295
2310 2454 2296
2310 2296 2918
2296 2454 3169
3169 2918 2296
2297 2354 2316
2337 2354 2297
2316 2355 2298
2355 2338 2298
2302 2299 2340
2299 2304 2340
2301 2339 2300
2339 2303 2300
2320 2335 2301
2339 2301 2335
2302 2340 2336
2303 2357 2317
2357 2303 2339
2318 2358 2304
2340 2304 2358
2317 2350 2305
2350 2337 2305
2318 2306 2351
2306 2338 2351
2307 2322 2559
2559 3138 2307
3138 2976 2307
2308 2560 2323
2309 2328 2326
3382 2328 2309
2309 2453 2524
2309 2524 3382
2329 2310 2918
2310 2329 2964
2310 2332 2947
2310 2964 2332
2454 2310 2947
2330 2311 2346
2877 2312 2331
2312 2877 3353
2345 2324 2313
2313 2324 3389
2325 2345 2313
2324 3219 2314
2346 3135 2314
3219 2346 2314
2314 3135 2898
2877 2347 2315
2347 3217 2315
2877 2315 3353
3353 2315 3013
2315 3217 3427
2354 2365 2316
2365 2355 2316
2380 2350 2317
2357 2380 2317
2351 2381 2318
2358 2318 2381
2349 2323 2319
2319 2323 2531
2349 2319 2947
2454 2947 2319
2335 2320 2343
2343 2320 3492
2320 2453 3492
2372 2321 2336
2321 2372 2344
2321 2344 3169
3169 2454 2321
2322 2348 2530
2322 2530 2559
2331 2323 2349
2560 2531 2323
2345 2352 2324
2352 3219 2324
2353 2345 2325
3217 2353 2325
2325 3198 3427
3217 2325 3427
2328 2455 2326
2455 3388 2326
2329 2918 2327
2327 3150 2329
2356 2456 2327
2356 2327 2989
2327 2456 3150
2989 2327 2918
2328 2333 2341
2534 2333 2328
2328 2341 2455
2328 3382 2534
2535 2964 2329
3150 2535 2329
2346 2359 2330
2362 2348 2330
2359 2362 2330
2349 2361 2331
2361 2360 2331
2877 2331 2360
2349 2332 2361
2349 2947 2332
2332 3187 2361
2964 3187 2332
3481 2341 2333
2534 3481 2333
2334 2342 2535
2342 2334 3150
2334 2535 3150
2339 2335 2367
2371 2335 2343
2335 2371 2367
2368 2336 2340
2368 2372 2336
2350 2369 2337
2369 2354 2337
2351 2338 2370
2355 2370 2338
2339 2367 2357
2368 2340 2358
2382 2341 2374
3481 2374 2341
2382 2455 2341
2456 2342 3150
3352 2342 2456
2342 3509 2535
3352 3509 2342
2371 2343 2385
2385 2343 3388
3388 2343 3516
2343 3492 3516
2581 2356 2344
2356 2989 2344
2372 2581 2344
2344 2989 2918
3169 2344 2918
2353 2352 2345
3407 2359 2346
2346 2366 2363
2346 2363 3407
2366 2346 3219
2353 2347 3180
2347 2353 3217
2347 2877 2360
2347 2360 3180
2348 2362 3382
2348 2524 2530
2348 3382 2524
2369 2350 2393
2380 2393 2350
2370 2394 2351
2381 2351 2394
2353 2366 2352
2352 2366 3219
2364 2366 2353
2353 3180 2364
2365 2354 2386
2369 2386 2354
2365 2387 2355
2370 2355 2387
2384 2383 2356
2383 2456 2356
2581 2384 2356
2378 2357 2367
2378 2380 2357
2368 2358 2377
2377 2358 2381
2379 2362 2359
3407 2379 2359
2360 2361 2375
3180 2360 2375
2361 2373 2375
2373 2361 3187
2379 2374 2362
2374 2534 2362
3382 2362 2534
2366 2376 2363
2376 3493 2363
2379 3407 2363
3493 2379 2363
2376 2366 2364
2375 2536 2364
2364 3180 2375
2364 2536 2376
2386 2388 2365
2387 2365 2388
2378 2367 2371
2368 2377 2372
2386 2369 2393
2387 2394 2370
2869 2378 2371
2391 2371 2385
2371 2391 2869
2377 3342 2372
2372 2384 2581
3342 2384 2372
2373 2390 2375
2383 2390 2373
3352 2383 2373
2373 3187 2535
3509 2373 2535
2373 3509 3352
2374 2379 2389
2389 2382 2374
2534 2374 3481
2390 2536 2375
3024 2389 2376
3493 2376 2389
2376 2536 2397
2397 3024 2376
2381 3314 2377
3342 2377 3314
2378 2839 2380
2378 2869 2839
2379 3493 2389
2380 2839 2393
2381 2394 3314
2395 2385 2382
2455 2382 2385
2389 2395 2382
2384 2396 2383
2396 2390 2383
2383 3352 2456
2392 2396 2384
3342 2392 2384
2391 2385 2395
2385 3388 2455
2388 2386 2398
2393 2398 2386
2387 2388 2399
2394 2387 2405
2405 2387 2399
2398 2406 2388
2388 2406 2399
2389 2400 2395
3024 2400 2389
2396 2401 2390
2401 2397 2390
2397 2536 2390
2395 2400 2391
2400 2403 2391
2391 2403 2869
2396 2392 2537
2537 2392 2404
2392 3342 2404
2398 2393 2402
2393 2403 2402
2403 2393 2839
2404 2394 2405
2394 2404 3314
2401 2396 2537
2401 2656 2397
3024 2397 2656
2402 2406 2398
3209 2405 2399
2399 2406 3209
2400 2402 2403
2402 2400 2656
2400 3024 2656
2401 2404 2405
2537 2404 2401
2405 3209 2401
2656 2401 3209
2402 2656 2406
2869 2403 2839
3342 3314 2404
3209 2406 2656
2779 3160 2407
2407 3341 2779
3160 3090 2407
2945 2409 2462
2409 3084 2462
2469 2461 2410
3341 2410 3115
3115 2410 3373
2945 2470 2411
2496 2411 2968
3230 2412 2471
3361 2472 2413
2413 3466 3361
3466 2413 3437
3479 2415 2421
2622 2416 2851
2851 2416 2732
2416 3173 2732
2786 3173 2416
2865 2417 3040
2865 3155 2417
2417 3506 3040
3203 3506 2417
2906 2418 2842
2418 3093 2842
2906 3233 2418
2483 2484 2419
2483 2419 2541
3321 2419 2484
2485 2482 2420
2420 2482 2970
2420 3298 2485
2643 2420 2970
2481 3507 2421
3113 3479 2421
3507 3113 2421
2486 2936 2422
3504 2486 2422
2755 2422 2545
3262 2545 2422
2755 3504 2422
2936 3368 2422
3368 3262 2422
2423 2601 2547
3301 2423 2547
2601 2423 2936
2423 3368 2936
2423 3301 3368
2982 2424 2715
2716 2425 2983
2487 2427 2548
2487 3006 2427
2548 2427 2495
3370 2427 3006
2681 2429 2488
2429 3467 2488
2429 2681 2769
2778 2831 2429
2586 2430 2574
2431 2769 2583
2849 2431 2583
2849 3031 2431
2432 2445 2986
3312 2445 2432
2493 2502 2432
2432 2986 2493
2432 2502 3529
3529 3312 2432
2556 2506 2433
3097 2433 2506
2826 2433 3097
2434 2715 3420
2434 3359 2875
2434 3420 3359
2716 2550 2435
3048 2435 2550
2716 2435 3111
2788 2435 3048
3371 2435 2788
3111 2435 3371
2551 2436 3270
2436 3036 3270
3364 2437 2439
3426 2437 3364
2438 2441 3048
2438 3351 2441
2438 2568 2573
3048 2568 2438
3083 2438 2573
2438 3425 3351
2875 3461 2439
3364 2439 3515
3461 3515 2439
2689 2440 3461
3104 2979 2440
2979 3120 2440
3461 2440 3120
3048 2441 2788
3514 2788 2441
2441 3351 3514
3218 2498 2442
2498 3530 2442
2442 2990 2788
2442 2788 3218
2826 2494 2444
2444 2494 3031
2444 3134 2826
2444 3031 2849
2445 2950 2986
3144 3305 2445
3144 2445 3312
2497 2745 2446
2745 2446 2514
2774 2514 2446
2745 2961 2446
2446 2745 2971
2774 2446 3047
2917 2446 2971
2446 2917 3152
2446 2961 3047
2874 2498 2447
2688 3263 2447
2447 2894 2695
2447 3263 2857
2447 3326 2874
2447 3128 2935
2447 2935 3326
2452 3106 2450
2451 3109 3176
2452 3069 3106
2524 2453 2530
2459 3288 3149
2829 2460 3147
3309 2461 2469
2461 3149 2905
2461 3309 3149
3084 2809 2462
2462 2809 3148
2462 3278 2945
2466 3156 3475
2738 3480 2467
2467 3158 3099
2467 3480 3199
3309 2469 2846
2470 2934 3029
2470 3278 2934
2945 3278 2470
3361 3418 2472
2474 2592 3369
2617 2474 3369
2477 2969 2872
2478 2919 3002
3001 2713 2480
2480 3446 3001
2485 2533 2482
2781 2482 2533
2482 2883 2542
2970 2482 2542
2781 2883 2482
2483 2995 2484
2852 2995 2483
2995 3142 2484
2533 2485 2781
2886 2601 2486
2601 2936 2486
2886 2486 3310
3504 3310 2486
2487 2548 2600
2602 2549 2488
2681 2488 2549
2488 2958 2602
2489 2548 2532
2973 2548 2489
2566 2489 2580
2489 2566 2973
2489 2587 2580
2491 3271 2567
2491 3081 3220
3496 3271 2491
3348 2492 3424
2502 2493 3071
2950 2850 2493
3194 2493 2850
2950 2493 2986
3316 3071 2493
2493 3194 3316
3097 2494 2826
3424 3031 2494
3348 2494 3097
2494 3348 3424
2754 2548 2495
3194 2850 2495
2832 2496 2707
3238 2707 2496
2968 3238 2496
2745 2497 2979
2497 3120 2979
2497 3225 3120
3225 2497 3457
3530 2498 2874
3129 3500 2498
2498 3505 3129
3218 3505 2498
2502 2639 3529
2503 3050 2638
2975 3050 2503
2505 2526 2819
3159 2505 2819
3247 2505 3159
3116 2506 2556
2897 2650 2506
2897 2506 3116
3178 2508 2514
3247 2514 2508
3197 2509 2984
3016 2509 3197
2509 3343 3223
2509 3223 3513
2510 3517 3196
3323 2510 3214
3468 2513 2512
2512 2513 3525
2512 2516 3468
3358 2513 3468
2513 3458 3525
2745 2514 3247
2774 3178 2514
2515 3430 3383
2517 2518 2835
3523 2518 2517
2835 2518 2915
3276 2518 3523
2827 2519 3000
3381 2519 2827
2521 2520 2675
2520 2521 3518
2521 2675 2978
2521 2978 3451
3167 3380 2522
3159 2526 2745
2819 2526 3159
2530 2527 2559
2527 3138 2559
2529 2531 2560
2532 2548 2754
2535 3187 2964
2784 2865 2540
2540 3419 2784
2865 3040 2540
3040 2994 2540
2994 3419 2540
2541 3294 3030
2643 2970 2542
2643 2542 3185
2542 2883 3411
3185 2542 3411
2691 2546 2545
2546 2755 2545
2691 2545 3262
2755 2546 2813
2547 2840 2585
2585 3052 2547
2601 2840 2547
3052 3301 2547
2548 2973 2600
2681 2549 2583
2587 2549 2588
2602 2588 2549
2568 3048 2550
3220 3442 2552
2552 3442 3304
2800 2641 2553
2553 2641 2998
2553 2954 2800
2917 2971 2553
2971 2954 2553
2554 3460 3519
2557 2743 3023
2743 2557 3302
3023 3010 2557
2557 3010 3034
2557 3095 3302
3017 2558 2596
2558 3229 2596
3473 3229 2558
2561 2573 2568
2561 2913 3161
2767 2566 2580
2973 2566 2600
2566 2767 3008
2571 2814 3143
3201 2571 3143
2573 3004 3083
3229 3473 2579
2580 2587 2588
2580 2588 2602
2580 2602 2888
2767 2580 2888
3103 2789 2582
2681 2583 2769
2843 2849 2583
2840 3123 2585
3330 2700 2589
2601 2595 2840
2601 2884 2595
2595 3338 2840
3146 2595 2884
2595 3146 3064
2595 3064 3338
2884 2601 2886
3296 2605 2789
3410 2605 3296
2799 2609 2634
2634 2609 3356
3121 2609 2799
2621 2712 2758
3395 2712 2621
2723 2944 2621
2723 2621 3274
2621 2758 3274
2944 3395 2621
3398 3055 2625
2713 2626 2721
3009 2828 2628
3009 2628 3189
2630 3377 2742
2631 3148 3147
3028 2799 2634
3254 2634 3356
2657 2635 2928
2635 2657 2992
2928 2635 2693
2693 2635 3310
2635 2884 2886
2635 3146 2884
3310 2635 2886
2992 3183 2635
3183 3146 2635
3023 3439 2639
3439 3529 2639
2641 2800 2885
3401 2641 2885
3401 2955 2641
2955 3450 2641
2641 3450 2998
2642 3067 2669
3067 2642 2956
2956 2642 3126
3126 2642 3195
3154 2643 3051
2643 3185 3051
3044 2796 2649
2650 2771 2731
3046 2653 3087
3087 2653 3534
2654 3449 3000
3392 2657 2928
2657 3244 2992
3042 3244 2657
3392 3042 2657
3068 2658 2694
2694 2658 3256
2811 3041 2658
3153 2811 2658
2658 3041 2887
3153 2658 3068
2787 2664 2763
2746 2854 2667
2746 2667 3035
2669 3401 2885
2672 3307 2890
2673 2809 3084
2673 3147 2809
3107 2829 2673
3147 2673 2829
3107 2673 3084
2757 3476 2679
2682 3016 3197
3282 2682 3197
3282 3457 2682
3037 2926 2686
3037 2686 3531
3502 3263 2688
2689 3130 2777
2875 3130 2689
2689 3461 2875
2692 2755 2813
2920 2755 2692
3012 2692 2813
2920 2692 3027
2692 3012 3027
3255 2928 2693
2693 3181 3255
2693 3310 3181
3068 2694 3310
3181 2694 3256
3310 2694 3181
2695 2894 2838
3521 3214 2695
2700 3330 3224
2774 3047 2701
2701 3178 2774
3379 2701 2988
3047 3223 2701
3379 3178 2701
2706 3091 2862
2862 3417 2706
3269 2707 3238
3115 2708 2779
3115 3177 2708
3346 3096 2710
3236 2711 3259
3236 3464 2711
3259 2711 3317
2711 3313 3273
3317 2711 3273
2711 3464 3313
2712 2864 2758
3275 2712 3395
3420 2715 3131
2717 3058 3482
2717 3483 3058
3274 2837 2723
3295 2723 2837
2944 2723 3058
3058 2723 3482
2723 3295 3482
2724 3345 3465
2758 2864 2725
2758 2725 3274
2726 3011 3485
2726 3059 3484
2726 3485 3059
3240 2726 3484
3308 2727 3028
2732 2911 2883
2732 3173 2911
2734 3384 2833
3216 3239 2737
2946 2739 3354
3354 2739 3124
2822 2740 3228
2740 2822 3378
2740 3378 2922
2740 2922 3462
3228 2740 3318
2740 3462 3318
3015 2741 2828
2819 2745 2979
3508 2745 2819
2971 2745 2954
3508 2954 2745
3159 2745 3247
3192 2854 2746
3453 2795 2747
2747 3344 3453
2753 3088 3190
2755 2920 3504
2968 2759 3238
3226 2759 3119
3238 2759 3527
3121 3250 2760
2762 3248 3252
2959 2770 3211
3408 2960 2776
3115 2779 3341
3316 2782 3071
2786 2906 2842
2786 3233 2906
2967 3233 2786
2990 3371 2788
3514 3218 2788
3296 2789 3103
3282 2790 2903
2903 2790 3391
3522 2790 3282
3414 2793 3277
3095 2794 3302
3362 2796 3044
3121 2799 3335
2801 3119 3029
3100 3459 2801
3459 3119 2801
3148 2809 3147
3153 3012 2811
2823 3143 2814
2814 3386 2823
3154 3051 2816
3051 3390 2816
3390 3089 2816
3208 2817 2845
2845 2817 3270
3104 2819 2979
3104 3508 2819
3190 2820 2882
3190 3088 2820
3088 3228 2820
2820 3228 3318
3000 3372 2827
3381 2827 3019
3009 2923 2828
2923 3015 2828
2829 3107 3075
3384 3284 2833
2837 3274 3137
3295 2837 3137
2840 3338 3123
2841 2842 3066
2841 3066 3089
3390 2841 3089
3093 3066 2842
2907 2845 3036
2845 3270 3036
2845 3055 3208
3465 2995 2852
3406 3297 2860
3303 3404 2861
2861 3308 3410
3018 3417 2862
3326 2866 2874
2874 2866 3530
2866 3326 3195
3093 2873 3094
3359 3130 2875
2955 3401 2882
3401 3190 2882
2911 3411 2883
3451 2978 2889
3240 3235 2893
3439 3023 2899
3472 2899 3175
3244 2901 2992
3338 3064 2901
3003 3225 2903
3003 2903 3391
3225 3457 2903
3457 3282 2903
3288 3108 2905
3149 3288 2905
3524 3117 2907
3429 3129 2909
3129 3505 2909
3283 3429 2909
3511 3283 2909
2909 3505 3428
3189 2915 3005
2919 3038 3002
2920 3027 3068
2920 3068 3504
2922 3378 3072
2922 3319 3462
3009 3145 2923
3015 2923 3436
3020 2926 3004
3004 2926 3037
3255 3392 2928
3278 3151 2934
2935 3195 3326
3080 3354 2940
3483 2944 3058
3395 2944 3483
3446 2946 3001
2946 3354 3445
3449 3067 2956
2956 3126 3448
3449 2956 3281
2961 3061 3047
3172 2963 3456
2963 3234 3456
3436 3164 2972
2972 3431 3436
3021 3098 2977
2980 3208 3055
2980 3055 3398
2982 3370 3006
3197 2984 3522
3371 2990 3344
2993 3273 3007
2993 3207 3317
3273 2993 3317
3110 3076 2994
3118 3110 2994
3345 3142 2995
3345 2995 3465
3344 2996 3453
3000 3449 3281
3002 3038 3355
3225 3003 3120
3004 3037 3083
3077 3242 3007
3413 3077 3007
3273 3413 3007
3118 3030 3110
3294 3110 3030
3038 3250 3355
3203 3039 3506
3061 3513 3047
3513 3223 3047
3185 3390 3051
3077 3112 3059
3485 3077 3059
3484 3059 3112
3066 3094 3089
3066 3093 3094
3504 3068 3310
3072 3378 3276
3276 3523 3072
3075 3107 3307
3252 3076 3110
3252 3248 3076
3112 3077 3313
3242 3077 3485
3313 3077 3413
3445 3354 3080
3532 3315 3086
3534 3139 3087
3490 3090 3160
3200 3090 3490
3158 3235 3099
3240 3099 3235
3100 3226 3459
3105 3101 3494
3495 3105 3494
3110 3294 3252
3112 3313 3327
3112 3327 3484
3373 3177 3115
3459 3226 3119
3250 3121 3355
3121 3335 3355
3127 3171 3329
3500 3129 3429
3359 3131 3130
3420 3131 3359
3284 3384 3133
3213 3139 3497
3497 3139 3534
3141 3322 3471
3367 3305 3144
3175 3329 3171
3171 3472 3175
3172 3456 3512
3255 3181 3520
3181 3256 3520
3315 3349 3184
3185 3411 3390
3283 3511 3196
3517 3283 3196
3522 3282 3197
3207 3434 3317
3521 3323 3214
3527 3269 3238
3245 3275 3395
3245 3395 3483
3317 3434 3259
3273 3313 3413
3438 3280 3425
3415 3297 3357
3464 3327 3313
3315 3532 3349
3471 3322 3363
3357 3416 3415
3435 3415 3416