2 4 1
5 2 1
1 8 3
9 1 3
4 6 1
1 7 5
1 6 8
9 7 1
2 10 4
2 5 10
8 11 3
11 9 3
14 6 4
10 12 4
12 14 4
7 15 5
5 13 10
15 13 5
16 8 6
14 16 6
9 17 7
17 15 7
11 8 16
11 17 9
18 12 10
13 18 10
16 19 11
19 17 11
20 14 12
18 20 12
21 13 15
13 21 18
22 16 14
20 22 14
23 15 17
23 21 15
24 19 16
22 24 16
19 25 17
25 23 17
18 26 20
26 18 21
31 19 24
31 25 19
27 22 20
26 27 20
23 28 21
28 26 21
29 24 22
27 29 22
30 23 25
30 28 23
29 32 24
32 31 24
33 30 25
31 33 25
34 27 26
28 34 26
36 29 27
34 36 27
30 37 28
34 28 37
40 32 29
36 40 29
30 33 41
37 30 41
32 38 31
39 33 31
38 35 31
35 39 31
38 32 40
39 41 33
43 36 34
37 44 34
49 43 34
44 49 34
38 42 35
42 39 35
36 43 40
37 41 44
47 38 40
42 38 47
39 46 41
48 39 42
39 48 46
40 43 45
45 47 40
46 44 41
42 47 56
48 42 57
56 52 42
52 57 42
43 50 45
43 49 50
51 44 46
51 49 44
45 56 47
53 45 50
53 56 45
46 48 57
54 51 46
54 46 57
49 55 50
55 49 51
58 53 50
55 58 50
54 59 51
59 55 51
56 60 52
52 61 57
67 52 60
68 61 52
67 2140 52
2140 68 52
60 56 53
58 65 53
65 60 53
57 61 54
66 59 54
61 66 54
62 58 55
59 62 55
62 63 58
63 65 58
64 62 59
66 64 59
65 67 60
68 66 61
62 72 63
72 62 64
70 65 63
76 70 63
72 76 63
66 71 64
71 77 64
77 72 64
65 70 67
68 71 66
67 73 69
67 69 2140
70 73 67
74 68 69
69 68 2140
74 71 68
73 75 69
75 74 69
70 78 73
76 78 70
79 71 74
79 77 71
80 76 72
77 80 72
73 81 75
73 78 81
82 74 75
82 79 74
81 83 75
83 82 75
76 2234 78
76 80 2234
2235 77 79
80 77 2235
78 2274 81
2234 2274 78
82 2306 79
2306 2235 79
80 2251 2234
2252 80 2235
80 2337 2251
2252 2337 80
2351 83 81
2274 2413 81
2413 2351 81
83 2342 82
2342 2306 82
2318 83 2351
2318 2352 83
83 2352 2342
85 93 84
84 2351 85
93 86 84
84 86 2352
84 2318 2351
84 2352 2318
91 85 87
87 85 2413
93 85 91
85 2351 2413
86 100 88
86 88 2720
93 92 86
92 100 86
2352 86 2342
86 2720 2342
89 99 87
87 2274 89
99 91 87
2274 87 2413
100 90 88
90 2397 88
2397 2720 88
94 101 89
94 89 2337
101 99 89
2251 89 2234
2274 2234 89
2337 89 2251
102 94 90
90 94 2479
100 102 90
2833 2397 90
90 2479 2833
117 93 91
110 91 99
110 117 91
93 2265 92
92 2870 100
2265 118 92
118 2857 92
92 2857 2870
93 117 107
2265 93 107
114 101 94
102 114 94
2479 94 2337
103 97 95
97 123 95
105 103 95
121 105 95
123 121 95
98 104 96
124 98 96
104 106 96
106 122 96
122 124 96
119 97 103
119 115 97
115 138 97
138 123 97
120 104 98
116 120 98
139 116 98
124 139 98
110 99 101
100 111 102
2870 111 100
108 110 101
114 108 101
102 111 109
114 102 109
105 112 103
112 150 103
103 158 119
150 158 103
113 106 104
151 113 104
120 159 104
159 151 104
105 127 112
121 152 105
152 127 105
128 106 113
153 122 106
128 153 106
117 140 107
140 135 107
135 141 107
141 2265 107
110 108 133
114 136 108
125 133 108
125 108 136
111 134 109
137 114 109
134 126 109
126 137 109
154 117 110
133 154 110
155 134 111
2857 155 111
111 2870 2857
127 129 112
129 162 112
162 150 112
130 128 113
2501 130 113
151 163 113
163 2501 113
2245 136 114
2245 114 137
119 160 115
166 138 115
160 142 115
142 166 115
161 120 116
139 167 116
143 161 116
167 143 116
154 140 117
155 118 141
141 118 2265
118 155 2857
158 160 119
161 159 120
123 168 121
152 121 178
168 178 121
169 124 122
153 179 122
179 169 122
123 138 188
188 168 123
124 189 139
169 189 124
125 136 131
241 125 131
233 133 125
241 233 125
132 137 126
242 132 126
134 234 126
234 242 126
127 2456 129
2375 127 152
2375 2456 127
2430 128 130
149 2374 128
2430 149 128
2374 153 128
162 129 172
2409 172 129
2456 2409 129
173 2430 130
2501 173 130
136 186 131
131 186 164
253 131 164
253 241 131
187 137 132
187 132 165
132 254 165
242 254 132
182 154 133
182 133 269
233 269 133
183 134 155
183 270 134
270 234 134
140 208 135
208 141 135
249 186 136
249 136 2245
187 249 137
249 2245 137
209 138 166
188 138 209
210 167 139
210 139 189
213 140 154
140 213 208
214 155 141
141 208 214
160 190 142
176 166 142
190 176 142
191 161 143
167 177 143
177 191 143
144 156 146
146 184 144
144 148 156
148 144 2409
184 2465 144
144 2465 2409
147 157 145
145 2367 147
157 149 145
149 2430 145
185 2367 145
2430 185 145
156 170 146
146 170 180
192 146 180
192 184 146
157 147 171
171 147 181
147 193 181
2367 193 147
148 174 156
174 148 2375
2375 148 2456
148 2409 2456
149 157 175
175 2374 149
206 158 150
162 206 150
159 207 151
207 163 151
178 200 152
2375 152 200
201 179 153
201 153 2374
182 237 154
237 213 154
238 183 155
214 238 155
156 198 170
174 198 156
199 157 171
199 175 157
158 202 160
158 251 202
158 206 251
203 159 161
203 252 159
159 252 207
202 190 160
191 203 161
162 172 219
219 206 162
207 220 163
2501 163 220
186 204 164
204 194 164
194 227 164
227 253 164
205 187 165
195 205 165
228 195 165
254 228 165
176 211 166
295 209 166
211 295 166
167 212 177
210 296 167
296 212 167
168 259 178
188 259 168
179 260 169
260 189 169
170 217 180
198 239 170
170 235 217
239 235 170
181 218 171
240 199 171
218 236 171
236 240 171
221 219 172
2465 221 172
2465 172 2409
185 173 222
173 185 2430
220 222 173
2501 220 173
225 198 174
200 225 174
200 174 2375
199 226 175
226 201 175
201 2374 175
190 231 176
196 211 176
231 196 176
232 191 177
212 197 177
197 232 177
200 178 281
178 259 281
179 201 282
282 260 179
223 192 180
180 217 215
223 180 215
193 224 181
216 218 181
181 224 216
182 283 237
283 182 269
238 284 183
284 270 183
247 184 192
247 2465 184
222 248 185
248 2367 185
2385 204 186
249 2385 186
2324 187 205
2386 249 187
2386 187 2324
299 188 209
188 299 259
210 189 300
260 300 189
202 273 190
273 231 190
274 203 191
232 274 191
277 192 223
247 192 277
278 224 193
248 193 2367
248 2515 193
2515 278 193
204 196 194
196 257 194
257 227 194
197 205 195
258 197 195
228 258 195
243 196 204
211 196 243
231 257 196
197 244 205
244 197 212
197 258 232
225 297 198
198 2406 239
297 2406 198
226 199 2287
338 199 240
298 199 338
298 2287 199
301 225 200
200 281 301
226 302 201
302 282 201
251 326 202
326 273 202
203 327 252
327 203 274
363 243 204
363 204 2385
244 364 205
364 2324 205
219 330 206
378 251 206
206 330 378
220 207 331
207 252 379
379 331 207
208 213 409
208 410 214
424 208 409
208 424 410
295 347 209
347 299 209
348 296 210
348 210 300
384 211 243
295 211 361
211 384 361
385 244 212
296 362 212
362 385 212
433 213 237
213 433 409
434 238 214
410 434 214
245 215 217
229 223 215
215 245 229
216 250 218
224 230 216
246 216 230
246 250 216
263 217 235
263 245 217
236 218 264
250 264 218
221 311 219
311 343 219
219 343 330
220 312 222
344 312 220
331 344 220
247 328 221
247 221 2465
221 328 311
222 2335 248
2335 222 312
266 223 229
266 315 223
277 223 2455
315 2455 223
224 265 230
316 265 224
278 2512 224
2512 316 224
297 225 335
301 335 225
336 302 226
226 2287 336
422 253 227
257 422 227
254 423 228
423 258 228
255 229 245
262 229 255
279 229 262
279 266 229
261 246 230
230 280 261
265 280 230
431 257 231
273 355 231
355 431 231
258 432 232
356 274 232
432 356 232
241 457 233
233 468 269
457 468 233
242 234 458
270 469 234
469 458 234
239 303 235
263 235 267
235 303 267
304 240 236
236 264 268
236 268 304
283 472 237
472 433 237
473 284 238
434 473 238
337 303 239
239 2406 337
338 240 304
474 241 253
474 457 241
242 475 254
458 475 242
363 384 243
385 364 244
255 245 275
263 271 245
245 271 275
256 250 246
261 256 246
328 247 277
2335 329 248
2515 248 329
249 321 2385
321 249 2386
250 256 276
272 264 250
276 272 250
378 326 251
327 379 252
422 474 253
475 423 254
290 262 255
275 290 255
261 289 256
256 289 276
431 422 257
423 432 258
259 372 281
259 299 372
282 373 260
300 260 373
280 288 261
288 289 261
287 279 262
290 287 262
293 263 267
263 285 271
293 285 263
268 264 294
286 264 272
264 286 294
265 313 280
325 313 265
316 325 265
279 314 266
314 324 266
324 315 266
303 293 267
268 294 304
476 283 269
468 476 269
477 270 284
477 469 270
275 271 317
285 317 271
272 276 318
318 286 272
326 418 273
418 355 273
419 327 274
419 274 356
275 2974 290
275 317 2974
289 2970 276
2970 318 276
328 277 2187
277 351 2187
277 2455 351
352 278 2188
2512 278 352
2515 2188 278
287 319 279
319 314 279
320 288 280
313 320 280
359 301 281
281 372 359
302 360 282
360 373 282
476 472 283
473 477 284
293 307 285
342 285 307
342 317 285
294 286 308
341 308 286
318 341 286
287 290 291
291 310 287
310 305 287
339 287 305
339 319 287
292 289 288
288 309 292
306 309 288
320 306 288
2970 289 292
291 290 2974
310 291 346
346 291 2974
2970 292 309
303 333 293
293 333 307
334 304 294
294 308 334
437 347 295
361 437 295
348 438 296
362 296 438
335 368 297
297 368 2406
369 298 338
369 2283 298
298 2283 2287
405 299 347
372 299 405
406 348 300
373 406 300
353 335 301
301 359 353
336 354 302
354 360 302
333 303 367
337 367 303
334 338 304
310 322 305
322 339 305
323 309 306
320 340 306
340 323 306
342 307 333
341 334 308
323 345 309
309 345 2970
322 310 346
328 370 311
397 343 311
397 311 370
344 398 312
398 371 312
312 371 2335
349 320 313
389 313 325
389 349 313
319 350 314
314 365 324
350 388 314
388 365 314
324 365 315
365 401 315
401 2527 315
2455 315 2581
2527 2581 315
366 325 316
316 402 366
2487 402 316
2582 2487 316
316 2512 2582
358 317 342
317 358 346
346 2974 317
2853 341 318
345 2853 318
318 2970 345
350 319 339
349 340 320
321 332 2385
332 321 2386
322 376 339
399 322 346
399 376 322
377 323 340
323 2650 345
377 2650 323
366 389 325
378 441 326
418 326 441
442 379 327
327 419 442
393 370 328
328 392 393
328 2187 392
329 391 2188
2443 391 329
2335 394 329
394 2443 329
329 2188 2515
330 343 415
330 415 378
331 416 344
416 331 379
390 363 332
332 363 2385
364 390 332
364 332 2324
332 2386 2324
375 342 333
367 395 333
395 375 333
338 334 396
341 374 334
374 396 334
335 353 386
335 445 368
386 445 335
336 387 354
2283 387 336
2287 2283 336
337 407 367
427 337 368
2406 368 337
427 407 337
428 369 338
396 420 338
420 408 338
408 428 338
350 339 376
377 340 349
341 357 374
357 341 2853
375 358 342
397 415 343
344 416 398
2650 2853 345
399 346 358
453 405 347
437 453 347
406 454 348
454 438 348
349 382 377
382 349 404
389 404 349
350 376 383
403 350 383
388 350 403
351 380 2187
2647 380 351
2581 351 2455
2527 351 2581
2527 2647 351
381 352 2188
381 2531 352
2487 352 2531
352 2487 2582
2582 2512 352
359 370 353
370 393 353
353 393 386
360 354 371
371 354 394
387 394 354
418 508 355
508 431 355
509 419 356
432 509 356
436 374 357
400 450 357
400 357 2853
357 450 436
435 358 375
449 399 358
435 449 358
370 359 397
372 397 359
371 398 360
398 373 360
384 519 361
506 437 361
519 506 361
520 385 362
438 507 362
520 362 507
521 384 363
390 485 363
485 521 363
385 522 364
485 390 364
364 522 485
429 365 388
429 401 365
440 389 366
402 430 366
430 440 366
395 367 421
407 421 367
445 427 368
428 446 369
446 2495 369
2495 2283 369
371 394 2335
372 415 397
451 372 405
451 415 372
373 398 416
452 406 373
416 452 373
414 396 374
436 414 374
395 413 375
413 435 375
376 412 383
412 376 399
382 411 377
411 2484 377
377 2484 2650
415 451 378
451 441 378
379 452 416
442 452 379
443 392 380
380 392 2187
2578 443 380
2578 380 2647
444 381 391
391 381 2188
444 417 381
417 2531 381
447 382 404
455 411 382
455 382 447
383 448 403
456 383 412
448 383 456
521 519 384
520 522 385
386 393 445
394 387 2495
2495 387 2283
439 388 403
439 429 388
389 440 404
2443 444 391
2498 393 392
443 2498 392
2498 445 393
2443 394 2495
395 462 413
421 462 395
414 461 396
461 420 396
2547 412 399
502 399 449
2189 399 502
2547 399 2189
503 450 400
503 400 2354
400 2484 2354
2484 400 2650
400 2853 2650
401 486 425
401 425 2527
429 486 401
487 402 426
426 402 2487
487 430 402
448 439 403
440 447 404
453 451 405
406 452 454
407 484 421
427 513 407
407 513 484
493 408 420
2654 428 408
493 2654 408
540 424 409
433 540 409
424 541 410
541 434 410
455 2484 411
2547 456 412
459 435 413
462 459 413
436 460 414
460 461 414
444 2577 417
417 471 2531
2577 471 417
441 508 418
510 442 419
510 419 509
420 461 493
421 492 462
484 492 421
431 2153 422
602 474 422
2153 602 422
2143 432 423
475 603 423
603 2143 423
540 550 424
550 541 424
486 470 425
425 470 2647
425 2647 2527
426 471 487
471 426 2487
445 480 427
480 513 427
2514 446 428
481 2514 428
481 428 2654
439 482 429
486 429 482
440 430 483
483 430 487
508 581 431
581 2153 431
582 509 432
2143 582 432
472 557 433
557 540 433
558 473 434
541 558 434
449 435 459
450 460 436
517 453 437
437 506 517
454 518 438
438 518 507
488 439 448
439 504 482
504 439 488
440 489 447
483 505 440
505 489 440
441 451 478
546 441 478
441 579 508
441 546 579
442 479 452
510 479 442
445 443 463
443 445 2498
463 443 494
494 443 2578
444 446 464
444 2443 446
444 464 2691
2691 2577 444
463 466 445
466 480 445
464 446 467
467 446 2514
2443 2495 446
489 455 447
448 456 488
459 465 449
449 465 502
491 460 450
491 450 503
451 453 478
454 452 479
478 453 517
454 479 518
501 455 489
501 542 455
455 542 2484
456 500 488
2547 500 456
591 468 457
474 591 457
469 592 458
592 475 458
462 490 459
490 465 459
461 460 491
491 511 461
511 493 461
512 490 462
492 512 462
466 463 494
467 2691 464
490 502 465
498 480 466
494 498 466
499 467 2446
2691 467 499
467 2514 2446
598 476 468
591 598 468
477 599 469
599 592 469
515 470 486
2135 496 470
496 2578 470
2135 470 515
470 2578 2647
516 487 471
471 497 2136
2577 497 471
2136 516 471
2531 471 2487
476 600 472
587 557 472
600 587 472
601 477 473
558 588 473
588 601 473
604 591 474
602 604 474
592 605 475
605 603 475
598 600 476
601 599 477
478 517 546
510 547 479
547 518 479
2946 480 498
513 480 2946
499 2446 481
481 2928 499
481 2654 514
2928 481 514
2446 2514 481
523 486 482
504 523 482
487 524 483
505 483 524
2471 492 484
513 2471 484
595 521 485
522 595 485
2670 515 486
523 2670 486
516 2511 487
2511 524 487
500 504 488
505 501 489
533 502 490
512 533 490
532 491 503
532 511 491
544 512 492
2471 544 492
511 545 493
493 525 514
514 2654 493
2868 525 493
545 2868 493
496 530 494
496 494 2578
498 494 526
494 530 526
497 495 531
495 497 2577
495 499 527
495 2691 499
531 495 527
2577 2691 495
2519 530 496
2519 496 2135
531 2136 497
2946 498 526
2928 527 499
504 500 528
528 500 543
543 500 2547
505 529 501
529 542 501
533 538 502
538 2189 502
539 532 503
2354 539 503
528 523 504
529 505 524
577 517 506
596 506 519
596 577 506
518 578 507
507 597 520
597 507 578
579 581 508
580 510 509
582 580 509
547 510 580
532 545 511
533 512 544
536 2629 513
2946 536 513
513 2629 2471
525 537 514
537 2928 514
2135 515 2670
2941 516 2136
516 2644 2511
2644 516 2941
546 517 577
547 578 518
521 606 519
606 596 519
522 520 607
597 607 520
595 606 521
607 595 522
528 2554 523
553 523 2554
553 2670 523
529 524 2543
2511 2964 524
2964 2543 524
2786 537 525
2486 2786 525
2868 2486 525
2707 526 530
2707 534 526
534 2946 526
527 2590 531
527 535 2590
2928 535 527
543 571 528
528 571 2554
542 529 572
572 529 2543
548 569 530
548 530 2519
569 563 530
563 2707 530
531 570 549
531 549 2941
564 570 531
2590 564 531
2941 2136 531
532 539 552
552 545 532
551 538 533
544 551 533
536 534 2865
536 2946 534
2769 534 2707
2769 2865 534
537 2786 535
537 535 2928
2866 2590 535
2866 535 2786
536 2865 2629
575 538 551
538 573 567
2535 538 567
575 573 538
2189 538 2535
574 552 539
568 574 539
2354 568 539
608 550 540
608 540 557
550 609 541
609 558 541
565 542 572
542 565 2190
2484 542 2190
543 566 571
2355 566 543
543 2547 2355
575 551 544
2693 575 544
544 2471 2693
552 576 545
576 2805 545
545 2805 2868
577 593 546
593 579 546
547 594 578
594 547 580
548 553 2621
548 2670 553
2621 569 548
548 2519 2670
554 549 2620
554 2644 549
549 570 2620
549 2644 2941
608 610 550
610 609 550
574 576 552
553 2554 2710
553 2710 2621
554 2709 2543
554 2543 2964
2620 2709 554
2644 554 2964
559 555 2564
555 559 2769
555 2612 2520
555 2520 2815
555 2815 2564
555 2769 2612
560 2645 556
556 2885 560
2403 556 2532
2885 556 2403
2532 556 2821
2821 556 2645
587 613 557
613 608 557
614 588 558
609 614 558
559 2564 2693
559 2693 2629
559 2629 2865
2769 559 2865
560 2786 2486
2820 560 2486
2820 2645 560
2885 2786 560
566 561 571
566 585 561
561 585 569
561 569 2621
561 2710 571
2621 2710 561
562 565 572
586 565 562
562 572 2709
586 562 2944
562 2709 2620
562 2620 2944
569 2717 563
2612 2707 563
563 2717 2612
570 564 2944
564 2403 2532
2866 2403 564
564 2532 2716
564 2590 2866
564 2716 2944
565 583 568
565 568 2190
583 565 586
566 584 585
566 2535 584
2535 566 2355
567 573 589
584 567 589
2535 567 584
574 568 590
590 568 583
568 2354 2190
585 2717 569
570 2944 2620
571 2710 2554
2709 572 2543
573 575 2815
2815 589 573
574 2645 576
2821 574 590
2821 2645 574
2693 2564 575
2815 575 2564
2820 576 2645
2805 576 2820
593 577 596
597 578 594
581 579 611
593 611 579
582 612 580
612 594 580
581 622 602
581 602 2153
611 622 581
623 582 603
603 582 2143
623 612 582
583 586 590
585 584 589
585 589 2717
586 2944 590
600 617 587
587 617 613
618 601 588
614 618 588
2717 589 2520
2520 589 2815
2716 2532 590
2532 2821 590
2944 2716 590
633 598 591
604 635 591
635 633 591
599 634 592
636 605 592
634 636 592
615 593 596
615 611 593
594 616 597
616 594 612
621 606 595
607 621 595
606 624 596
624 615 596
625 607 597
616 625 597
628 600 598
633 628 598
601 629 599
629 634 599
600 619 617
628 619 600
620 601 618
620 629 601
602 635 604
622 637 602
637 635 602
636 603 605
638 623 603
636 638 603
626 606 621
624 606 626
621 607 627
625 627 607
630 610 608
631 608 613
656 630 608
631 656 608
610 630 609
609 632 614
630 657 609
657 632 609
615 622 611
623 616 612
617 631 613
632 618 614
624 622 615
623 625 616
619 639 617
639 631 617
640 620 618
632 640 618
628 644 619
644 639 619
645 629 620
640 645 620
643 626 621
627 643 621
648 622 624
648 637 622
649 625 623
638 649 623
626 641 624
641 648 624
642 627 625
649 642 625
646 641 626
646 626 643
642 647 627
647 643 627
633 650 628
628 650 644
651 634 629
651 629 645
656 664 630
664 657 630
639 665 631
665 656 631
666 640 632
657 666 632
635 654 633
654 650 633
655 636 634
655 634 651
637 662 635
635 658 654
662 658 635
663 638 636
659 636 655
659 663 636
648 660 637
660 662 637
661 649 638
663 661 638
667 639 644
667 665 639
668 645 640
666 668 640
646 652 641
641 660 648
652 660 641
653 647 642
661 642 649
661 653 642
674 646 643
647 675 643
671 674 643
675 671 643
650 669 644
669 667 644
670 651 645
668 670 645
682 652 646
682 646 674
653 683 647
647 683 675
654 672 650
672 669 650
673 655 651
670 673 651
680 660 652
682 680 652
661 681 653
653 681 683
658 676 654
676 672 654
677 659 655
673 677 655
686 664 656
686 656 665
664 687 657
687 666 657
662 678 658
676 658 678
679 663 659
677 679 659
680 662 660
663 681 661
662 684 678
684 662 680
685 663 679
685 681 663
686 709 664
709 687 664
667 688 665
688 686 665
689 668 666
687 689 666
669 690 667
690 688 667
691 670 668
689 691 668
672 692 669
692 690 669
693 673 670
691 693 670
694 674 671
675 694 671
676 695 672
672 695 692
696 677 673
696 673 693
674 699 682
694 699 674
683 700 675
700 694 675
678 697 676
697 695 676
698 679 677
696 698 677
684 707 678
703 697 678
707 703 678
704 685 679
698 704 679
682 2227 680
680 707 684
2227 707 680
706 683 681
685 708 681
708 706 681
699 701 682
701 2227 682
702 700 683
706 702 683
704 708 685
688 710 686
710 709 686
711 689 687
709 711 687
690 712 688
712 710 688
713 691 689
711 713 689
692 714 690
714 712 690
715 693 691
713 715 691
695 716 692
716 714 692
717 696 693
715 717 693
699 694 724
700 724 694
697 718 695
718 716 695
719 698 696
717 719 696
703 720 697
720 718 697
721 704 698
719 721 698
722 701 699
724 722 699
702 723 700
700 723 724
725 705 701
701 705 2227
722 725 701
706 726 702
726 723 702
707 727 703
727 720 703
728 708 704
721 728 704
731 707 705
705 707 2227
725 729 705
731 705 729
708 732 706
730 726 706
706 732 730
731 727 707
728 732 708
710 737 709
737 711 709
712 733 710
733 737 710
734 713 711
737 734 711
738 712 714
712 738 733
713 739 715
739 713 734
716 735 714
735 738 714
736 717 715
739 736 715
718 740 716
740 735 716
741 719 717
736 741 717
720 744 718
744 740 718
745 721 719
741 745 719
727 748 720
748 744 720
749 728 721
745 749 721
724 742 722
746 725 722
742 746 722
743 724 723
747 723 726
747 743 723
752 742 724
743 752 724
746 729 725
730 747 726
731 753 727
753 748 727
754 732 728
749 754 728
750 731 729
746 750 729
732 751 730
751 747 730
755 731 750
731 755 753
732 756 751
756 732 754
758 737 733
733 738 1923
758 733 1923
737 759 734
739 734 2134
734 759 2134
760 738 735
740 760 735
739 761 736
761 741 736
758 757 737
757 759 737
760 2155 738
1923 738 2155
780 761 739
739 2134 780
744 764 740
764 760 740
765 745 741
761 765 741
771 746 742
752 771 742
772 743 747
772 752 743
748 762 744
762 764 744
763 749 745
765 763 745
773 750 746
771 773 746
774 747 751
774 772 747
753 766 748
766 762 748
767 754 749
763 767 749
769 755 750
773 769 750
756 770 751
751 770 774
768 771 752
772 768 752
755 775 753
777 766 753
775 777 753
776 756 754
767 778 754
778 776 754
769 775 755
776 770 756
758 783 757
783 759 757
779 786 758
758 1923 779
786 783 758
787 780 759
2134 759 780
787 759 783
764 784 760
784 779 760
760 779 2155
785 765 761
780 785 761
762 781 764
762 766 781
782 763 765
767 763 782
781 2126 764
784 764 2126
2129 782 765
785 2129 765
777 2248 766
2248 781 766
2191 778 767
782 2191 767
790 771 768
772 790 768
773 788 769
788 775 769
774 770 789
776 789 770
791 773 771
790 791 771
774 792 772
792 790 772
773 793 788
773 791 793
789 794 774
794 792 774
795 777 775
795 775 788
778 796 776
796 789 776
777 795 2248
796 778 2191
802 779 784
2162 786 779
802 2162 779
1923 2155 779
2148 785 780
787 2141 780
2141 2148 780
799 797 781
797 800 781
799 781 2248
800 2126 781
801 798 782
798 813 782
801 782 2129
782 813 2191
786 808 783
809 787 783
808 818 783
818 809 783
800 802 784
2126 800 784
803 801 785
785 801 2129
803 785 2148
814 808 786
814 786 2162
809 815 787
787 815 2141
793 810 788
806 795 788
810 806 788
789 811 794
789 796 807
789 807 811
790 834 791
835 790 792
790 831 834
835 831 790
821 793 791
834 821 791
822 792 794
835 792 822
821 810 793
811 822 794
804 799 795
795 799 2248
806 804 795
805 807 796
813 805 796
813 796 2191
799 816 797
816 800 797
801 817 798
817 813 798
812 799 804
799 812 816
825 802 800
816 825 800
803 826 801
826 817 801
802 839 814
802 814 2162
839 802 825
840 803 815
815 803 2141
826 803 840
2141 803 2148
823 804 806
819 812 804
823 819 804
805 824 807
813 820 805
820 824 805
810 827 806
827 823 806
811 807 828
807 824 828
808 814 856
846 818 808
856 846 808
815 809 857
818 847 809
847 857 809
821 832 810
810 832 827
822 811 833
833 811 828
829 816 812
819 843 812
843 829 812
817 830 813
813 844 820
830 844 813
856 814 839
815 857 840
841 825 816
829 841 816
826 842 817
842 830 817
846 836 818
836 847 818
819 823 852
843 819 852
820 853 824
844 853 820
837 832 821
821 834 837
833 838 822
838 835 822
827 852 823
824 853 828
854 839 825
841 854 825
840 855 826
855 842 826
832 845 827
852 827 845
828 860 833
853 858 828
858 860 828
895 841 829
908 829 843
908 895 829
842 896 830
830 909 844
896 909 830
910 834 831
831 835 2361
2361 910 831
2309 832 837
859 845 832
859 832 2309
851 838 833
849 851 833
860 849 833
865 837 834
834 885 865
910 885 834
838 866 835
866 886 835
886 2361 835
846 867 836
867 847 836
868 850 837
837 850 2309
865 868 837
851 869 838
869 866 838
839 854 876
856 839 876
840 877 855
857 877 840
854 841 902
902 841 895
855 903 842
903 896 842
852 908 843
909 853 844
874 852 845
859 874 845
887 846 856
867 846 883
887 883 846
884 857 847
884 847 867
848 850 2192
2309 850 848
848 859 2309
859 848 2394
2394 848 2192
2193 851 849
871 849 860
849 871 2193
868 863 850
850 863 2192
851 864 869
2193 864 851
914 852 874
912 908 852
914 912 852
913 858 853
909 913 853
854 906 876
854 902 906
877 907 855
907 903 855
985 856 876
856 2194 887
2194 856 985
857 986 877
884 888 857
857 888 2195
986 857 2195
858 875 860
915 875 858
913 915 858
880 874 859
880 859 2394
881 871 860
875 881 860
863 872 861
863 861 2192
882 870 861
861 870 2192
872 2752 861
882 861 2752
873 864 862
864 2193 862
871 894 862
871 862 2193
873 862 2197
862 894 2197
868 889 863
872 863 2679
889 2679 863
890 869 864
873 901 864
901 890 864
904 868 865
904 865 885
905 866 869
905 886 866
883 943 867
911 884 867
943 911 867
939 889 868
904 939 868
890 940 869
940 905 869
897 880 870
870 880 2394
897 870 882
2394 2192 870
881 898 871
898 894 871
878 2196 872
2679 878 872
2752 872 2196
901 873 879
2197 879 873
880 929 874
931 914 874
929 931 874
930 881 875
915 932 875
932 930 875
985 876 906
877 986 907
918 899 878
878 899 2548
918 878 2679
878 2548 2196
892 900 879
2197 892 879
900 919 879
879 919 901
897 941 880
941 929 880
942 898 881
930 942 881
893 916 882
882 2752 893
916 897 882
887 937 883
937 943 883
938 888 884
884 911 944
944 938 884
975 904 885
910 975 885
905 976 886
976 910 886
886 910 2361
937 887 2194
888 938 2195
939 945 889
889 945 2679
901 946 890
946 940 890
891 899 2480
899 891 2548
924 891 2357
924 2499 891
2357 891 2480
2499 2548 891
900 892 2319
925 2319 892
2483 925 892
2197 2483 892
926 916 893
2476 926 893
2548 893 2196
2196 893 2752
2499 2476 893
2499 893 2548
898 917 894
917 927 894
927 2483 894
894 2483 2197
1022 902 895
908 1020 895
1020 1022 895
903 1023 896
1021 909 896
1023 1021 896
916 952 897
941 897 952
942 917 898
918 2517 899
899 2517 2480
900 2330 919
928 900 923
900 2319 923
900 928 2330
919 954 901
954 946 901
902 965 906
902 1018 965
1022 1018 902
966 903 907
966 1019 903
1019 1023 903
904 971 939
971 904 975
940 972 905
972 976 905
965 985 906
986 966 907
912 993 908
993 1020 908
994 913 909
1021 994 909
1179 975 910
976 1179 910
943 981 911
982 944 911
981 964 911
964 982 911
995 912 914
995 993 912
996 915 913
994 996 913
931 995 914
996 932 915
956 916 926
952 916 956
953 927 917
953 917 942
955 958 918
955 918 2679
918 958 2517
2451 954 919
2330 2451 919
922 920 2357
922 2429 920
920 951 2357
2362 951 920
2395 2362 920
2429 2395 920
2260 923 921
2319 921 923
2260 921 936
921 2780 936
2319 2780 921
922 947 2429
947 922 2517
922 2357 2480
2480 2517 922
948 928 923
948 923 2260
924 949 2476
2496 949 924
2496 924 2357
924 2476 2499
2364 950 925
950 2437 925
925 2437 2319
2326 2364 925
2483 2326 925
956 926 2476
953 957 927
957 2326 927
927 2326 2483
928 948 2199
959 928 2199
928 959 2330
983 931 929
941 987 929
987 983 929
930 932 984
930 988 942
930 984 988
983 995 931
996 984 932
933 935 2395
933 2601 935
960 933 2429
933 960 2601
2429 933 2395
936 970 934
2260 936 934
970 961 934
2584 934 961
2260 934 2584
979 962 935
962 989 935
935 969 979
2601 969 935
989 2703 935
935 2703 2395
936 963 980
2391 963 936
980 970 936
2780 2391 936
977 943 937
985 977 937
985 937 2194
978 938 944
978 986 938
938 986 2195
1005 945 939
971 999 939
999 1005 939
1006 940 946
972 940 1000
1006 1000 940
952 987 941
988 953 942
977 2795 943
981 943 2795
982 978 944
1005 1007 945
945 1007 2507
945 2507 2679
954 1008 946
1008 1006 946
960 947 973
947 960 2429
2198 973 947
2198 947 2517
948 974 2199
2502 974 948
948 2260 2584
2502 948 2584
949 967 2408
2496 967 949
949 2408 2476
2322 950 2364
2322 2780 950
950 2780 2437
1001 951 2333
1001 2435 951
2333 951 2362
951 2496 2357
2435 2496 951
956 991 952
991 987 952
957 953 992
988 992 953
1015 1008 954
2451 1015 954
955 2421 958
1014 955 1007
2507 1007 955
1014 2421 955
2679 2507 955
1003 991 956
956 2408 1003
2408 956 2476
1004 968 957
968 2326 957
992 1004 957
958 1026 2198
2421 1026 958
958 2198 2517
1027 959 2199
1027 2426 959
2330 959 2451
2426 2451 959
960 973 2267
1009 2200 960
2267 1009 960
960 2200 2601
970 1036 961
1036 1010 961
1010 2502 961
2584 961 2502
1016 962 979
962 2363 989
962 1016 2363
980 963 1017
963 990 2137
990 963 2391
963 2137 1017
981 1011 964
1011 982 964
1091 985 965
1018 1074 965
1074 1091 965
986 1092 966
1075 1019 966
1092 1075 966
967 1012 2408
2435 1012 967
2435 967 2496
1004 2402 968
1013 2322 968
2402 1013 968
2322 2364 968
2364 2326 968
2331 979 969
2200 1035 969
1035 2331 969
2200 969 2601
980 1033 970
1033 2464 970
970 2464 1036
975 1072 971
999 971 1054
1072 1054 971
976 972 1073
1000 1055 972
1055 1073 972
997 973 2198
997 2201 973
973 2201 2267
998 2199 974
974 2202 998
2502 2202 974
1072 975 1179
1179 976 1073
2271 977 985
1076 977 2271
1076 2795 977
982 1077 978
978 1077 986
979 2401 1016
979 2331 2401
1029 980 1017
1029 1033 980
1037 1011 981
1076 1037 981
1076 981 2795
1011 1038 982
1038 1077 982
983 987 1059
995 983 1066
1059 1066 983
1067 988 984
996 1067 984
1091 2271 985
1077 1092 986
987 991 1050
1050 1059 987
992 988 1051
1051 988 1067
1039 2203 989
2580 1039 989
989 2203 2390
989 2390 2333
2703 989 2333
989 2363 2580
2137 990 2563
990 2389 2353
990 2353 2913
2389 990 2391
990 2913 2563
1003 1041 991
1041 1050 991
1004 992 1042
1042 992 1051
1149 993 995
1149 1020 993
1150 996 994
1150 994 1021
1066 1125 995
1125 1149 995
1126 1067 996
996 1150 1126
997 2198 2684
2201 997 2683
2684 2683 997
998 1027 2199
1027 998 2392
998 2202 1058
2392 998 1058
1005 999 1087
1093 999 1054
1087 999 1093
1006 1088 1000
1055 1000 1088
2390 1030 1001
1030 2442 1001
2390 1001 2333
1001 2442 2435
2389 1002 1031
2524 1031 1002
2524 1002 2322
2322 1002 2780
1002 2389 2780
1012 2380 1003
2408 1012 1003
1052 1041 1003
1052 1003 2380
1042 1053 1004
1053 2538 1004
1004 2538 2402
1007 1005 1089
1087 1089 1005
1008 1090 1006
1090 1088 1006
1007 1081 1014
1089 1081 1007
1015 1082 1008
1090 1008 1082
1024 1009 2267
2807 1009 1024
1009 1035 2200
1035 1009 2807
1010 1083 1025
1025 2202 1010
1083 1010 1036
1010 2202 2502
2344 1011 1037
1134 1038 1011
2585 1134 1011
2344 2585 1011
1012 1064 2380
1012 2442 1064
2442 1012 2435
1065 1013 2402
1013 1065 2404
2524 2322 1013
1013 2404 2524
1081 2421 1014
2426 1082 1015
2426 1015 2451
2401 1028 1016
1028 2571 1016
2571 1043 1016
2580 1016 1043
2363 1016 2580
1017 1045 1029
1044 1045 1017
1044 1017 2925
2925 1017 2137
1018 1022 1171
1018 1147 1074
1147 1018 1171
1019 1172 1023
1075 1148 1019
1148 1172 1019
1020 1253 1022
1149 1253 1020
1254 1021 1023
1254 1150 1021
1253 1171 1022
1172 1254 1023
1034 1068 1024
1024 2658 1034
1024 1068 1101
1101 2807 1024
2658 1024 2267
1069 1025 1102
2516 1025 1069
1025 1083 1102
2202 1025 2516
1085 1026 2421
2684 1026 1085
2198 1026 2684
1086 2426 1027
2458 1086 1027
1027 2392 2458
1032 1046 1028
1032 1028 2401
1046 1048 1028
1028 1048 2850
1028 2850 2571
1029 1047 1033
1045 1049 1029
1047 1029 1049
1030 2440 1078
2442 1030 1078
2390 2339 1030
2339 2440 1030
1031 1079 2353
2404 1079 1031
2353 2389 1031
2524 2404 1031
1032 1056 1046
1056 1032 2676
1032 2401 2331
2676 1032 2331
1047 1057 1033
2464 1033 1057
1034 2459 1068
2201 1034 2658
2201 2683 1034
2459 1034 2518
2518 1034 2683
1084 2676 1035
1084 1035 2807
1035 2676 2331
2464 1083 1036
1076 1133 1037
1133 2344 1037
1077 1038 1134
2580 1043 1039
1039 1043 2622
1039 1062 2203
2622 1062 1039
1063 2561 1040
2913 1063 1040
2561 2945 1040
2913 1040 2563
2563 1040 2945
1119 1050 1041
1052 1131 1041
1041 1131 1119
1051 1120 1042
1042 1132 1053
1120 1132 1042
2497 1109 1043
2622 1043 1109
2576 2497 1043
2576 1043 2571
1061 1045 1044
1080 1061 1044
1080 1044 1110
1110 1044 2561
2561 1044 2945
2925 2953 1044
2953 2945 1044
1061 1049 1045
1046 1097 1048
1056 1070 1046
1070 1115 1046
1097 1046 1127
1115 1127 1046
1098 1047 1049
1071 1057 1047
1116 1071 1047
1098 2911 1047
1047 2911 1116
1048 1060 2850
1048 2888 1060
2888 1048 1097
1100 1049 1061
1106 1098 1049
1100 1106 1049
1141 1059 1050
1119 1141 1050
1142 1051 1067
1142 1120 1051
2380 1131 1052
1053 1132 2538
1180 1054 1072
1180 1093 1054
1055 1181 1073
1088 1181 1055
1056 1095 1070
2450 1095 1056
2676 2450 1056
1071 1096 1057
2651 1057 1096
2651 2464 1057
1058 2205 1122
1058 1122 2392
2202 2516 1058
1058 2516 2205
1059 1166 1066
1141 1166 1059
1107 1060 1099
1060 2888 1099
1107 1117 1060
1117 2873 1060
1060 2497 2576
2873 2497 1060
1060 2576 2850
1080 1118 1061
1108 1100 1061
1118 1108 1061
1201 1062 1129
1129 1062 2622
1160 1062 1201
2339 1062 1160
2203 1062 2339
1202 1130 1063
1130 2561 1063
1161 1202 1063
2626 1161 1063
2913 2626 1063
2442 1078 1064
1078 2505 1064
1143 2380 1064
2505 1143 1064
1065 1144 2404
2538 1144 1065
2402 2538 1065
1175 1125 1066
1066 1166 1175
1126 1176 1067
2279 1142 1067
1176 2279 1067
1068 2459 1101
1102 1192 1069
1069 1192 2436
2436 2516 1069
1095 1113 1070
1113 1115 1070
1114 1096 1071
1116 1114 1071
1179 1239 1072
1072 1239 1180
1073 1240 1179
1181 1240 1073
1074 1220 1091
1147 1220 1074
1221 1075 1092
1148 1075 1221
1197 1133 1076
1197 1076 2138
2280 2138 1076
2280 1076 2271
2139 1092 1077
1134 1198 1077
2139 1077 1198
2440 1139 1078
1139 2505 1078
2404 1140 1079
1140 2774 1079
2461 2353 1079
2774 2461 1079
1118 1080 1110
1081 1089 1155
1155 2384 1081
1081 2384 2421
1086 1152 1082
1086 1082 2426
1156 1090 1082
1152 1156 1082
1102 1083 2651
1083 2464 2651
1084 1101 1111
1101 1084 2807
1084 1111 2450
1084 2450 2676
2384 1151 1085
1151 2418 1085
2384 1085 2421
2418 2432 1085
2684 1085 2432
2368 1152 1086
2458 2368 1086
1089 1087 1157
1093 1186 1087
1186 1157 1087
1158 1088 1090
1169 1088 1158
1088 1169 1181
1089 1157 1155
1156 1158 1090
1257 1199 1091
1199 2138 1091
1220 1257 1091
1091 2138 2280
1091 2280 2271
1200 1258 1092
1200 1092 2139
1258 1221 1092
1093 1180 1186
1133 1230 1094
1133 1094 2344
1230 1134 1094
1094 1134 2585
2344 1094 2585
1167 1095 1111
2450 1111 1095
1167 1113 1095
1096 1168 1112
1112 2651 1096
1114 1168 1096
1103 1105 1097
1097 1127 1103
1105 2888 1097
1106 1104 1098
1128 1098 1104
1098 1128 2911
1105 1135 1099
2888 1105 1099
1099 1135 1107
1136 1106 1100
1108 1136 1100
1101 1164 1111
1164 1101 1191
2204 1191 1101
1101 2459 2204
1112 1165 1102
1112 1102 2651
1192 1102 1165
1137 1105 1103
1127 1137 1103
1138 1104 1106
1138 1128 1104
2641 1135 1105
1137 2641 1105
1136 1159 1106
1159 1138 1106
1154 1117 1107
1135 1154 1107
1153 1108 1118
1153 1136 1108
1207 1129 1109
1129 2622 1109
1207 1109 1209
1209 1109 2873
2873 1109 2497
1210 1118 1110
1130 1208 1110
1130 1110 2561
1208 1210 1110
1233 1111 1164
1111 1233 1167
1234 1165 1112
1168 1234 1112
1145 1115 1113
1182 1145 1113
1182 1113 1167
1146 1114 1116
1146 1183 1114
1183 1168 1114
1123 1127 1115
1145 1123 1115
1116 1128 1124
1124 1146 1116
2911 1128 1116
1154 1203 1117
1203 2873 1117
1204 1153 1118
1210 1204 1118
1119 1131 1177
1141 1119 1177
1178 1132 1120
1142 1178 1120
1187 1121 1173
1173 1121 2432
1187 2518 1121
1121 2684 2432
2683 1121 2518
2684 1121 2683
1122 2205 1174
2458 1122 1174
2392 1122 2458
1127 1123 1162
1145 1162 1123
1128 1163 1124
1146 1124 1163
1286 1149 1125
1125 1175 1222
1286 1125 1222
1150 1287 1126
1176 1126 1223
1287 1223 1126
1137 1127 1190
1162 1190 1127
1128 1138 1189
1163 1128 1189
1242 1201 1129
1207 1242 1129
1241 1130 1202
1208 1130 1241
1131 1193 1177
1188 1193 1131
2359 1188 1131
2359 1131 2380
1178 1194 1132
2452 1132 1194
1132 2452 2538
1197 1278 1133
1251 1230 1133
1278 1251 1133
1279 1198 1134
1230 1252 1134
1252 1279 1134
1135 1218 1154
2427 1218 1135
2427 1135 2641
1153 1217 1136
1159 1136 1219
1217 1219 1136
1190 2489 1137
2489 2641 1137
1159 1189 1138
1170 1184 1139
1170 1139 2440
1184 2505 1139
1144 1185 1140
1144 1140 2404
1185 2774 1140
1215 1166 1141
1177 1195 1141
1195 1215 1141
1178 1142 1196
2279 1196 1142
1188 1143 2316
1188 2359 1143
2505 2316 1143
1143 2359 2380
2297 1185 1144
2297 1144 1194
2452 1194 1144
2538 2452 1144
2812 1162 1145
1182 1206 1145
1206 2812 1145
1163 2907 1146
1205 1183 1146
2907 1205 1146
1297 1147 1171
1147 1274 1220
1147 1297 1274
1298 1172 1148
1275 1148 1221
1275 1298 1148
1286 1253 1149
1254 1287 1150
1155 1188 1151
1155 1151 2384
1151 1188 2316
1151 2316 2399
2418 1151 2399
1156 1152 1194
2297 1194 1152
2368 2297 1152
1214 1153 1204
1217 1153 1214
1154 1213 1203
1218 1213 1154
1155 1157 1177
1177 1193 1155
1188 1155 1193
1158 1156 1178
1178 1156 1194
1177 1157 1195
1195 1157 1186
1169 1158 1196
1178 1196 1158
2300 1189 1159
1219 2300 1159
1201 1224 1160
1224 1211 1160
1160 1211 2412
2339 1160 2440
2412 2440 1160
1225 1202 1161
1225 1161 1212
1161 2461 1212
1161 2626 2461
2812 1190 1162
1189 2345 1163
2345 2907 1163
1233 1164 1191
2660 1192 1165
1234 2660 1165
1228 1175 1166
1215 1228 1166
1231 1182 1167
1233 1231 1167
1183 1232 1168
1232 1234 1168
1169 1216 1181
1196 1216 1169
2396 1184 1170
2396 1170 2906
1170 2440 2412
2906 1170 2412
1171 1253 1339
1171 1339 1297
1172 1340 1254
1172 1298 1340
1184 2396 1173
1173 2418 1184
1173 2417 1187
2396 2417 1173
2418 1173 2432
1174 1185 2368
1174 2431 1185
2205 2284 1174
2416 1174 2284
1174 2368 2458
2431 1174 2416
1222 1175 1228
1229 1216 1176
1176 1216 2279
1176 1223 1229
1341 1239 1179
1240 1341 1179
1186 1180 1215
1215 1180 1228
1239 1228 1180
1216 1229 1181
1181 1229 1240
1206 1182 1237
1231 1237 1182
1205 1238 1183
1238 1232 1183
2399 2316 1184
1184 2316 2505
2399 1184 2418
2368 1185 2297
2431 2774 1185
1195 1186 1215
2204 1187 1226
2656 1226 1187
1187 2204 2518
2417 2656 1187
2300 1309 1189
2345 1189 1309
2489 1190 2405
2405 1190 2812
1235 1191 1226
2204 1226 1191
1233 1191 1235
1236 1227 1192
1192 1227 2436
1236 1192 2660
1216 1196 2279
1246 1278 1197
2138 1246 1197
1279 1247 1198
1247 2139 1198
1246 1199 1257
1246 2138 1199
1247 1258 1200
2139 1247 1200
1224 1201 1242
1225 1241 1202
1209 1203 1289
1203 1209 2873
1280 1203 1213
1289 1203 1280
2206 1204 1210
1214 1204 1281
2206 1281 1204
1245 1238 1205
1245 1205 2907
1206 1237 1244
1206 1244 2812
1209 1249 1207
1242 1207 1249
1210 1208 1248
1241 1248 1208
1249 1209 1289
1288 1210 1248
2206 1210 1288
1224 1261 1211
1211 1261 1243
1243 2412 1211
1260 1225 1212
1262 1260 1212
1262 1212 2741
2349 2741 1212
2774 2349 1212
2461 2774 1212
1218 1293 1213
1213 1293 1280
1217 1214 1294
1294 1214 1281
1310 1219 1217
1310 1217 1294
1218 2877 1293
2877 1218 2427
1270 1219 1310
1270 2300 1219
1220 1284 1257
1274 1284 1220
1258 1285 1221
1285 1275 1221
1228 1268 1222
1268 1286 1222
1229 1223 1269
1287 1269 1223
1242 1266 1224
1259 1261 1224
1224 1266 1259
1265 1241 1225
1265 1225 1260
1276 1235 1226
2656 1276 1226
1236 1277 1227
1277 1250 1227
1250 2814 1227
1227 2284 2436
1227 2814 2284
1268 1228 1239
1229 1269 1240
1251 2365 1230
2366 1252 1230
2382 2347 1230
2347 2383 1230
2365 2382 1230
2383 2366 1230
1295 1231 1233
1291 1237 1231
1291 1231 1295
1296 1234 1232
1238 1292 1232
1232 1292 1296
1317 1233 1235
1233 1317 1295
1290 1234 1296
1234 1290 2923
2923 2660 1234
1235 1276 1312
1312 1317 1235
1236 1290 1277
2923 1290 1236
1236 2660 2923
1237 1299 1244
1291 1299 1237
1245 1300 1238
1300 1292 1238
1335 1268 1239
1369 1335 1239
1369 1239 1341
1269 1336 1240
1336 1370 1240
1370 1341 1240
1241 1265 1248
1266 1242 1249
1243 1263 1255
1243 1255 2445
1261 1272 1243
1272 1263 1243
1243 2906 2412
1243 2445 2906
1299 1301 1244
1301 2405 1244
2405 2812 1244
1302 1300 1245
1309 1302 1245
2345 1309 1245
2345 1245 2907
1257 1425 1246
1246 1438 1278
1438 1246 1425
1258 1247 1426
1439 1247 1279
1426 1247 1439
1307 1248 1265
1248 2779 1288
1248 1307 2779
1306 1266 1249
1249 1289 1306
1282 1256 1250
1250 1256 2814
1277 1282 1250
1278 2150 1251
2150 1447 1251
1447 2365 1251
1448 1279 1252
2366 1448 1252
1286 1354 1253
1339 1253 1397
1354 1397 1253
1355 1287 1254
1340 1398 1254
1398 1355 1254
1263 1283 1255
1255 1283 1276
1255 1276 2656
1255 2656 2445
1282 1264 1256
1264 2741 1256
2416 1256 2349
1256 2741 2349
1256 2416 2814
1284 1403 1257
1403 1425 1257
1404 1285 1258
1258 1426 1404
1259 2142 1261
2540 1259 1266
2540 2142 1259
1262 2526 1260
1260 2938 1265
2526 2938 1260
1272 1261 2142
1273 2526 1262
1273 1262 2741
1263 1272 1283
1264 1282 1273
1264 1273 2741
1320 1307 1265
1320 1265 2938
1319 1266 1306
1319 2540 1266
2627 1308 1267
2764 1267 1308
1267 1357 1311
1267 1311 2627
1378 1357 1267
2764 1378 1267
1286 1268 1335
1287 1336 1269
1270 1316 1309
1270 1309 2300
1310 1323 1270
1379 1316 1270
1356 1270 1323
1356 1379 1270
1311 1271 2627
2877 1271 1311
2627 1271 2489
2489 1271 2641
1271 2877 2641
1283 1272 1326
1305 1326 1272
1272 2142 1305
2341 1273 1282
1273 2341 2615
2526 1273 2615
1348 1284 1274
1348 1274 1297
1285 1349 1275
1275 1349 1298
1276 1283 1312
1277 2341 1282
1290 1313 1277
1277 1313 2341
1438 2150 1278
1439 1279 1448
1303 1289 1280
1293 1303 1280
1281 1288 1304
1288 1281 2206
1294 1281 1304
1344 1312 1283
1283 1326 1344
1348 1413 1284
1403 1284 1413
1414 1349 1285
1414 1285 1404
1335 1354 1286
1336 1287 1355
1304 1288 1322
1288 2779 1322
1303 2968 1289
1306 1289 1321
2968 1321 1289
1318 1290 1296
1313 1290 1318
1329 1291 1295
1291 1329 1299
1296 1292 1330
1330 1292 1300
1303 1293 2819
2819 1293 1311
2877 1311 1293
1294 1304 2882
1310 1294 2882
1317 1333 1295
1329 1295 1333
1318 1296 1334
1330 1334 1296
1373 1297 1339
1373 1348 1297
1298 1374 1340
1349 1374 1298
1331 1301 1299
1346 1299 1329
1299 1346 1331
1302 1347 1300
1347 1330 1300
1331 1314 1301
1301 1314 2405
1309 1315 1302
1332 1302 1315
1332 1347 1302
2819 1324 1303
1324 2968 1303
1322 1325 1304
1304 1325 2882
2742 1326 1305
1305 2142 2742
2343 1319 1306
2639 1306 1321
2639 2343 1306
1342 1307 1320
2643 1307 1342
2643 1353 1307
1353 2779 1307
1314 1364 1308
1314 1308 2405
1364 2955 1308
2405 1308 2489
2489 1308 2627
2764 1308 2955
1316 1315 1309
1310 2882 1323
2144 1328 1311
1328 2819 1311
1357 2144 1311
1337 1317 1312
1337 1312 1344
1318 1338 1313
1313 1338 2341
1364 1314 1331
1365 1315 1316
1365 1332 1315
1316 1410 1365
1396 1316 1379
1396 1410 1316
1337 1333 1317
1318 1334 1338
2343 1343 1319
1319 1343 2742
1319 2742 2540
1327 1342 1320
2938 1327 1320
1382 1352 1321
1352 2639 1321
2830 1382 1321
2830 1321 2796
2796 1321 2968
2797 1325 1322
1353 2727 1322
1353 1322 2779
1359 1322 2727
1322 1359 2797
2145 1356 1323
2145 1323 2882
1324 1328 2144
1328 1324 2819
2144 2796 1324
2796 2968 1324
2145 1325 2797
1325 2145 2882
1362 1326 1343
1343 1326 2742
1344 1326 1350
1326 1362 1350
2545 1342 1327
1345 1351 1327
1327 2341 1345
1327 1351 2545
2341 1327 2615
2938 2615 1327
1329 1333 1360
1329 1360 1346
1330 2642 1334
1361 1330 1347
2642 1330 1361
1371 1331 1346
1371 1364 1331
2975 1347 1332
1372 1332 1365
1372 2975 1332
1333 1337 1366
1366 1360 1333
1338 1334 1367
2642 1367 1334
1335 1407 1354
1369 1407 1335
1355 1408 1336
1408 1370 1336
1337 1344 2755
1366 1337 1368
1337 2755 1368
1338 1345 2341
1338 2921 1345
1338 1367 2921
1397 1373 1339
1374 1398 1340
1375 1369 1341
1370 1375 1341
1342 2545 1363
1363 2643 1342
2485 1362 1343
2485 1343 2343
1344 1350 2755
2732 1351 1345
2921 2732 1345
1392 1346 1360
1392 1371 1346
2975 1361 1347
1373 1432 1348
1432 1413 1348
1374 1349 1433
1433 1349 1414
1362 2611 1350
1350 2611 2755
1391 1363 1351
2545 1351 1363
2732 1391 1351
1382 2977 1352
1352 2977 2639
2643 2799 1353
2727 1353 2667
2799 2667 1353
1397 1354 1407
1398 1408 1355
1359 1377 1356
1359 1356 2145
1356 1377 1379
1357 1376 1358
1357 1358 2144
1378 1376 1357
1358 1376 1382
1358 1382 2830
1358 2796 2144
1358 2830 2796
1359 1383 1377
1383 1359 2727
2797 1359 2145
1366 2798 1360
2798 1392 1360
2788 2642 1361
2975 2788 1361
2677 1362 2485
1362 2677 2611
1391 2694 1363
1363 2694 2643
1371 1380 1364
2955 1364 1380
1381 1372 1365
1365 1410 1381
1368 2798 1366
2657 1367 2642
1367 2657 2921
1368 1384 1415
2755 1384 1368
1368 1415 2569
1368 2569 2798
1375 1431 1369
1427 1407 1369
1431 1427 1369
1370 1431 1375
1408 1428 1370
1428 1431 1370
1394 1380 1371
1392 1394 1371
1372 1381 1395
1372 1395 1393
1372 1393 2975
1436 1373 1397
1436 1432 1373
1437 1398 1374
1433 1437 1374
1378 1411 1376
1417 1382 1376
1411 1417 1376
1377 1412 1379
1383 1418 1377
1377 1418 1412
1378 1405 1399
1399 1411 1378
1378 1419 1405
1378 2764 1419
1379 1400 1396
1379 1412 1400
2569 1380 1394
1415 1409 1380
1380 1409 2955
2569 1415 1380
1381 2685 1395
1381 1410 1416
1381 1416 2685
1417 2666 1382
1382 2666 2977
2667 1418 1383
1383 2727 2667
1390 2702 1384
1390 1384 2755
1384 1421 1415
1421 1384 2702
1385 2657 2785
2657 1385 2921
1385 2836 2732
2921 1385 2732
2785 2836 1385
1386 1388 2530
1386 2677 1388
1386 1390 2611
1386 2702 1390
2530 2600 1386
1386 2600 2702
2677 1386 2611
1387 1389 2694
2881 1389 1387
1391 1387 2694
1387 1391 2701
2782 1387 2701
1387 2782 2881
1401 1388 2790
1401 2804 1388
2804 2530 1388
2677 2790 1388
1402 2694 1389
1402 1389 2835
2835 1389 2881
2611 1390 2755
2701 1391 2836
1391 2732 2836
1392 2798 1394
1395 2915 1393
1393 2915 2788
1393 2788 2975
2798 2569 1394
2685 2915 1395
1396 1400 1406
1424 1396 1406
1420 1410 1396
1420 1396 1424
1407 1434 1397
1445 1397 1434
1445 1436 1397
1435 1408 1398
1446 1435 1398
1398 1437 1446
1405 2846 1399
2804 1411 1399
2846 2804 1399
1400 2700 1406
1400 1412 2793
2793 2700 1400
1417 1401 2666
2804 1401 1417
2666 1401 2977
1401 2790 2977
1402 1418 2667
2793 1418 1402
2667 2799 1402
2694 1402 2799
1402 2835 2793
1413 2152 1403
2209 1425 1403
2152 1460 1403
1460 2209 1403
2225 1414 1404
1426 2269 1404
2269 2225 1404
1419 1423 1405
1423 2846 1405
2616 1424 1406
1406 2700 2616
1427 1434 1407
1435 1428 1408
1409 1415 1421
1421 1419 1409
1409 1419 2764
1409 2764 2955
1410 1422 1416
1420 1422 1410
1411 2804 1417
1418 2793 1412
1432 2208 1413
1413 1462 2152
2208 1462 1413
2310 1433 1414
2310 1414 2225
2785 1416 1422
2685 1416 2657
1416 2785 2657
1419 1421 1429
1419 1429 1423
1422 1420 1430
1430 1420 1424
1421 2702 1429
2785 1422 1430
1429 2754 1423
2754 2846 1423
1430 1424 2782
2782 1424 2616
1425 2132 1438
1466 2132 1425
1466 1425 2209
1439 2131 1426
2131 2164 1426
1426 2164 2269
1431 1443 1427
1443 1434 1427
1444 1431 1428
1435 1444 1428
1429 2702 2754
2701 1430 2782
2701 2785 1430
1449 1443 1431
1444 1449 1431
1436 1450 1432
2208 1432 1450
1451 1437 1433
2310 1451 1433
1445 1434 1443
1444 1435 1446
1454 1436 1445
1454 1450 1436
1455 1446 1437
1455 1437 1451
1438 2133 1447
1438 1447 2150
2132 2157 1438
2157 2133 1438
2130 1439 1448
2130 2154 1439
1439 2154 2131
1441 1470 1440
1441 1440 2347
2151 1442 1440
1440 1442 2347
1470 2493 1440
2493 2151 1440
1447 1474 1441
1447 1441 2365
1474 1470 1441
1441 2347 2382
2365 1441 2382
1475 1448 1442
1442 1448 2366
2146 1475 1442
2146 1442 2151
2347 1442 2383
1442 2366 2383
1452 1445 1443
1449 1452 1443
1446 1453 1444
1453 1449 1444
1452 1454 1445
1455 1453 1446
1477 1474 1447
2133 1477 1447
2149 1448 1475
2149 2130 1448
1456 1452 1449
1453 1456 1449
1454 2219 1450
2208 1450 2219
2254 1455 1451
2270 2254 1451
2270 1451 2310
1457 1454 1452
1456 1457 1452
1458 1453 1455
1458 1456 1453
2238 1454 1457
1454 2238 2219
1455 2369 1458
2254 2264 1455
1455 2264 2369
1459 1457 1456
1458 1459 1456
1459 2222 1457
2222 2238 1457
1458 2369 1459
1479 2222 1459
2369 1479 1459
2152 1462 1460
1460 1462 2320
1466 2209 1460
1466 1460 2325
2320 2325 1460
1461 1463 2225
2328 1463 1461
1467 1461 2269
1467 2307 1461
1461 2225 2269
2307 2328 1461
1462 2208 1464
1464 2320 1462
1463 1465 2310
2323 1465 1463
1463 2310 2225
2328 2323 1463
1472 1464 2219
1472 2320 1464
2208 2219 1464
1465 1473 2254
2323 1473 1465
1465 2254 2270
1465 2270 2310
1466 1468 2132
2147 1468 1466
1466 1484 2147
2325 1484 1466
1491 1467 1469
1469 1467 2131
1491 1485 1467
1485 2307 1467
2131 1467 2164
2164 1467 2269
1494 1477 1468
1468 1477 2133
1490 1494 1468
1490 1468 2147
2132 1468 2157
1468 2133 2157
1495 1469 1478
1478 1469 2130
1495 1491 1469
2130 1469 2154
2154 1469 2131
1474 2273 1470
2273 2493 1470
1471 1475 2146
2207 1475 1471
2493 1476 1471
1476 2550 1471
1471 2146 2493
2340 2207 1471
2550 2340 1471
1472 1480 1492
1472 2238 1480
2320 1472 1492
2238 1472 2219
1481 1473 2323
1473 1481 2369
1473 2264 2254
2264 1473 2369
1477 2272 1474
2272 2230 1474
1474 2230 2273
1478 2149 1475
1478 1475 2186
2186 1475 2207
2273 1476 2493
2596 1476 2273
2467 2595 1476
2596 2467 1476
1476 2595 2550
1494 1501 1477
1501 2272 1477
1495 1478 1502
1478 2186 1502
1478 2130 2149
1479 1480 2222
1479 2253 1480
1481 2253 1479
1481 1479 2369
2253 1492 1480
1480 2238 2222
1493 2253 1481
1481 2323 1493
1482 1496 1484
1482 1484 2325
1488 1496 1482
1488 1482 2320
2320 1482 2325
1483 1485 1497
1485 1483 2307
1483 1497 1489
1483 1489 2328
1483 2328 2307
1499 1490 1484
2147 1484 1490
1484 1496 1499
1491 1500 1485
1497 1485 1500
1509 1488 1486
1486 1488 2320
1492 1513 1486
1486 2320 1492
1513 1509 1486
1489 1510 1487
1487 2323 1489
1514 1493 1487
2323 1487 1493
1510 1514 1487
1507 1496 1488
1509 1507 1488
1508 1489 1497
1508 1510 1489
1489 2323 2328
1511 1494 1490
1499 1511 1490
1495 1512 1491
1500 1491 1512
1498 1513 1492
2253 1498 1492
1493 1535 1498
2253 1493 1498
1514 1535 1493
1501 1494 1542
2704 1494 1511
2704 1542 1494
1502 2338 1495
2338 1512 1495
1531 1499 1496
1520 1496 1507
1520 1531 1496
1500 1532 1497
1497 1521 1508
1497 1532 1521
1535 1513 1498
1543 1511 1499
1531 1543 1499
1544 1500 1512
1544 1532 1500
1542 2733 1501
1501 2336 2272
2336 1501 2414
2733 2414 1501
1502 2242 1525
1525 2740 1502
1502 2186 2242
2740 2338 1502
1503 1528 1515
1515 2672 1503
1503 1551 1528
1538 1551 1503
2460 1538 1503
1503 2388 2460
2672 2388 1503
1506 1504 1539
2340 1504 1506
1528 1504 1515
1504 2672 1515
1528 1552 1504
1552 1539 1504
1504 2340 2387
2672 1504 2387
1505 1524 1536
1505 2336 1524
1536 1538 1505
1505 1538 2460
2336 1505 2230
2230 1505 2460
1539 1537 1506
1537 2242 1506
2186 2207 1506
2186 1506 2242
1506 2207 2340
1507 1509 1529
1520 1507 1526
1529 1526 1507
1508 1530 1510
1521 1527 1508
1527 1530 1508
1540 1509 1513
1529 1509 1540
1541 1514 1510
1530 1541 1510
1511 1543 1604
2704 1511 1604
1544 1512 2338
1513 1535 2725
1513 2725 1540
1535 1514 1575
1541 2356 1514
2356 1575 1514
1516 1563 1518
2315 1516 1518
1533 1545 1516
2315 1533 1516
1559 1516 1545
1559 1549 1516
1563 1516 1549
1517 1523 1519
1519 1564 1517
1534 1523 1517
1546 1534 1517
1550 1546 1517
1517 1564 1550
1518 2304 1522
1522 2315 1518
1518 1561 1536
1536 2304 1518
1518 1563 1561
2262 1519 1523
1537 1562 1519
1537 1519 2262
1564 1519 1562
1520 1526 1636
1520 1569 1531
1569 1520 1636
1527 1521 1637
1532 1570 1521
1570 1637 1521
1586 1565 1522
2378 1522 1565
2466 1586 1522
2304 2466 1522
1522 2378 2315
1534 1566 1523
1566 2525 1523
2410 1523 1587
1587 1523 2525
2410 2262 1523
1536 1524 2304
2466 2304 1524
2336 2414 1524
2661 1524 2414
2587 2466 1524
2553 2587 1524
2553 1524 2661
1525 2242 1537
1525 1537 2262
1525 2262 2410
1525 2410 2559
1525 2559 2655
1525 2655 2740
1526 1529 1578
1526 1578 1648
1636 1526 1648
1530 1527 1579
1527 1649 1579
1527 1637 1649
1528 1551 1611
1528 1612 1552
1660 1528 1611
1612 1528 1660
1578 1529 1540
1541 1530 1579
1543 1531 1619
1569 1619 1531
1532 1544 1620
1620 1570 1532
1573 1545 1533
2723 1573 1533
2378 1533 2315
1533 2378 2723
1546 2879 1534
2619 1566 1534
1534 1574 1610
2879 1574 1534
1610 2619 1534
2725 1535 1575
1555 1538 1536
1561 1555 1536
1539 1556 1537
1556 1562 1537
1592 1551 1538
1555 1615 1538
1615 1592 1538
1552 1593 1539
1616 1556 1539
1593 1616 1539
1600 1578 1540
1540 2275 1600
2725 2275 1540
2221 1541 1579
2221 1601 1541
1541 1601 2356
1588 2661 1542
1542 2963 1588
2661 2733 1542
1542 2704 2963
1604 1543 1652
1652 1543 1619
1544 1605 1687
1605 1544 2338
1544 1653 1620
1653 1544 1687
1545 2305 1559
1545 1573 2305
1550 1560 1546
1560 2818 1546
2879 1546 2818
1553 2213 1547
1547 2730 1553
1557 1547 1567
1557 2633 1547
1547 2213 1567
1547 2633 2371
1547 2371 2730
2216 1548 1568
1568 1548 2737
1583 1697 1548
2268 1583 1548
1697 2294 1548
2268 1548 2216
2294 2737 1548
1559 1571 1549
1563 1549 1597
1597 1549 1571
1572 1560 1550
1550 1564 1596
1550 1596 1572
1551 1592 1611
1612 1593 1552
1582 1621 1553
1553 2730 1582
1621 1590 1553
1590 2257 1553
1628 2211 1553
1628 1553 2257
2211 2213 1553
1583 1554 1622
1554 1583 2268
1591 1622 1554
1591 1554 1629
1554 2551 1629
2551 1554 2268
1561 1634 1555
1615 1555 1634
1635 1562 1556
1556 1616 1635
1567 2697 1557
1557 1584 1613
2697 1584 1557
1613 2633 1557
1558 1568 2737
1568 1558 2959
1614 1585 1558
1558 1585 2959
1614 1558 2509
2509 1558 2294
2294 1558 2737
1576 1571 1559
1594 1576 1559
2305 1594 1559
1572 1577 1560
1577 1595 1560
2818 1560 1595
1563 1667 1561
1667 1634 1561
1668 1564 1562
1635 1668 1562
1658 1563 1597
1667 1563 1658
1564 1659 1596
1668 1659 1564
1606 1565 1586
1565 1606 2614
2723 2378 1565
2723 1565 2614
1607 2525 1566
1607 1566 2619
1631 1567 2217
1567 1631 2697
1567 2210 1671
1567 1671 2217
2210 1567 2213
2490 1568 1630
1568 2959 1630
2555 2216 1568
1568 2490 2555
1569 1729 1619
1681 1569 1636
1729 1569 1681
1570 1620 1730
1570 1682 1637
1570 1730 1682
1576 1598 1571
1597 1571 1598
1572 1599 1577
1596 1599 1572
1609 2558 1573
1609 1573 2723
1573 2762 2305
2558 2762 1573
1610 1574 2474
2681 2474 1574
2681 1574 2818
1574 2879 2818
2356 2275 1575
2275 2725 1575
1594 1623 1576
1576 1632 1598
1623 1632 1576
1595 1577 1624
1599 1633 1577
1633 1624 1577
1578 1600 2220
1707 1648 1578
2220 1707 1578
1649 1708 1579
1579 1708 2221
2377 2587 1580
2377 1580 2904
1580 2587 2553
1580 2553 2661
1580 2661 2608
1580 2608 2748
1580 2748 2904
2521 1581 2559
2521 2831 1581
2655 2559 1581
2655 1581 2957
1581 2831 2747
1581 2747 2957
1582 1704 1621
2673 1704 1582
2730 2673 1582
1705 1583 1622
1583 2428 1697
2428 1583 1705
2491 1584 1608
1608 1584 2751
2491 1613 1584
1584 2697 2751
1614 2492 1585
2959 1585 2492
1617 1606 1586
1617 1586 2377
2377 1586 2466
2521 1587 1618
2767 1618 1587
2559 2410 1587
2559 1587 2521
2767 1587 2525
2608 1588 1608
2963 1608 1588
2661 1588 2608
2736 2492 1589
2492 2967 1589
2655 2957 1589
2655 1589 2958
2957 2736 1589
2967 2958 1589
1621 1675 1590
1661 1590 1694
1661 2257 1590
1675 1694 1590
1676 1622 1591
1629 2549 1591
1662 1695 1591
2549 1662 1591
1695 1676 1591
1709 1611 1592
1592 1615 1719
1709 1592 1719
1612 1710 1593
1720 1616 1593
1593 1710 1720
1638 1623 1594
2558 1638 1594
2762 1594 2305
2558 1594 2762
1624 1639 1595
2474 1595 1639
1595 2474 2681
1595 2681 2818
1599 1596 1627
1666 1627 1596
1659 1666 1596
1597 1598 1626
1665 1597 1626
1665 1658 1597
1632 1626 1598
1633 1599 1627
1600 2593 2220
2826 1600 2275
2593 1600 2826
1706 2356 1601
1601 2880 1706
1732 1601 2221
1601 1732 2880
1625 2648 1602
1602 2692 1625
1602 2648 1654
2898 1602 1654
1602 2898 2692
1603 2808 1625
1625 2883 1603
1655 2808 1603
1655 1603 2897
1603 2883 2897
1604 1652 2902
2704 1604 2675
1604 2902 2675
2698 1687 1605
1605 2338 2698
1617 2552 1606
2552 1663 1606
1606 1663 2614
1664 1607 2583
1664 2649 1607
1607 2767 2525
1607 2619 2583
2649 2767 1607
2934 2491 1608
2608 1608 2751
2934 1608 2963
1609 1656 2558
2841 1656 1609
2723 2614 1609
2614 2841 1609
1610 2474 1657
1610 1657 2573
1610 2573 2583
2619 1610 2583
1765 1660 1611
1709 1765 1611
1660 1766 1612
1766 1710 1612
2914 1613 2491
2633 1613 2508
2508 1613 2731
2914 2731 1613
1614 2840 2492
1614 2509 2840
1634 1719 1615
1720 1635 1616
1671 1617 1642
1617 2377 1642
1671 1650 1617
1650 2552 1617
1645 1643 1618
2521 1618 1643
1645 1618 1651
1618 2649 1651
2649 1618 2767
1652 1619 1748
1619 1729 1748
1653 1749 1620
1620 1749 1730
1721 1675 1621
1704 1721 1621
1676 1722 1622
1722 1705 1622
1632 1623 1669
1638 1669 1623
1633 1670 1624
1639 1624 1670
1625 2808 2648
1625 2692 2883
1632 1679 1626
1665 1626 1679
1680 1633 1627
1627 1666 1680
1673 1628 1661
1661 1628 2257
1702 1671 1628
1628 1671 2211
1673 1702 1628
1672 1703 1629
2214 1672 1629
1703 2549 1629
2214 1629 2551
2490 1630 2218
1630 2747 2218
2475 2747 1630
1630 2959 2475
2217 2748 1631
2751 2697 1631
2748 2751 1631
1669 1690 1632
1690 1679 1632
1633 2825 1670
2825 1633 1680
1667 1742 1634
1742 1719 1634
1635 1743 1668
1743 1635 1720
1636 1648 1758
1681 1636 1767
1767 1636 1758
1649 1637 1759
1637 1682 1768
1759 1637 1768
1638 1656 1640
1640 1669 1638
1656 1638 2558
1641 1657 1639
1641 1639 1670
1639 1657 2474
1646 1640 1656
1646 1683 1640
1669 1640 1683
1647 1657 1641
1641 1684 1647
1670 1684 1641
2217 1671 1642
1642 2748 2217
2377 2904 1642
2904 2748 1642
1643 1645 2218
2747 1643 2218
2831 2521 1643
2747 2831 1643
2282 1644 1728
1728 1644 2492
2282 2698 1644
2492 1644 2967
1644 2698 2967
1651 1672 1645
2218 1645 1672
1656 2841 1646
1661 1683 1646
1646 2841 1661
1657 1647 2573
1695 1662 1647
1662 2573 1647
1684 1695 1647
1648 1707 1758
1708 1649 1759
1671 1702 1650
1650 1702 2552
1672 1651 1703
2649 1703 1651
1652 1748 1771
2902 1652 1771
1772 1653 1687
1653 1772 1749
1654 2663 1698
1654 1698 2898
2321 2481 1654
2648 2321 1654
2481 2510 1654
1654 2510 2663
2630 1655 1699
1655 2897 1699
1761 2379 1655
2630 1761 1655
2379 2449 1655
1655 2449 2808
1665 1725 1658
1658 1740 1667
1725 1740 1658
1666 1659 1726
1741 1659 1668
1741 1726 1659
1765 1778 1660
1778 1766 1660
1661 2841 1673
1683 1661 1694
1662 2549 1674
1662 1674 2573
1673 1663 1702
1673 2841 1663
1702 1663 2552
2614 1663 2841
1674 1703 1664
2573 1674 1664
1703 2649 1664
2573 1664 2583
1679 1717 1665
1725 1665 1717
1718 1680 1666
1726 1718 1666
1740 1742 1667
1743 1741 1668
1683 1692 1669
1692 1690 1669
1684 1670 1693
2825 1693 1670
2210 2211 1671
2490 1672 2214
2490 2218 1672
1703 1674 2549
1685 1694 1675
1685 1675 1711
1733 1711 1675
1721 1733 1675
1686 1676 1695
1686 1712 1676
1712 1734 1676
1734 1722 1676
1723 2276 1677
1723 1677 2838
1677 2276 2212
2212 2886 1677
1677 2886 2838
2226 1724 1678
2761 1678 1724
2215 2277 1678
2215 1678 2376
2277 2226 1678
2840 2376 1678
2761 2840 1678
1690 1717 1679
1691 1680 1718
1680 1691 2825
1763 1729 1681
1763 1681 1767
1730 1764 1682
1682 1764 1768
1683 1694 1692
1684 1693 1695
1694 1685 1692
1685 1700 1692
1713 1700 1685
1711 1713 1685
1693 1686 1695
1686 1693 1701
1701 1714 1686
1714 1712 1686
1772 1687 2282
1687 2698 2282
1700 1688 1690
1690 1688 1717
1700 1713 1688
1713 1735 1688
1688 1735 1717
1689 1701 1691
1691 1718 1689
1689 1714 1701
1714 1689 1736
1736 1689 1718
1692 1700 1690
1701 1693 1691
1691 1693 2825
1696 1715 1704
1696 1704 2673
1715 1696 2212
1696 2705 2212
2371 1696 2673
2371 2705 1696
1716 1697 2428
1697 1716 2724
1697 2215 2706
2215 1697 2724
1697 2706 2294
1698 2746 2423
2898 1698 2423
2746 1698 2663
2880 1699 2422
1699 2897 2422
1699 2880 2630
1715 1721 1704
2428 1705 1722
1706 2826 2356
2880 2422 1706
2422 2897 1706
2898 2423 1706
2423 2899 1706
2883 2692 1706
1706 2692 2898
2899 2826 1706
2883 1706 2897
1707 2220 1731
1707 1731 2454
1777 1758 1707
1707 2454 1777
1708 1732 2221
1708 2770 1732
1759 2895 1708
1708 2895 2770
1769 1709 1719
1769 1765 1709
1710 1770 1720
1766 1770 1710
1744 1713 1711
1733 1744 1711
1714 1745 1712
1745 1734 1712
1735 1713 1744
1736 1745 1714
1721 1715 2228
1715 1738 2228
1738 1715 2276
1715 2212 2276
1716 1722 1739
1716 2428 1722
1716 1739 2926
1716 2926 2724
1735 1725 1717
1726 1736 1718
1742 1746 1719
1719 1746 1754
1754 1769 1719
1747 1743 1720
1755 1747 1720
1755 1720 1770
1746 1733 1721
1746 1721 2228
1734 1747 1722
1722 1747 1739
1723 2223 1737
1723 1737 2591
2276 1723 1738
1723 2591 1738
2223 1723 2838
1724 2224 2761
1724 2766 2224
2766 1724 2226
1735 1740 1725
1736 1726 1741
1727 1737 2223
1737 1727 2570
2947 1727 2223
2570 1727 2902
2902 1727 2675
2934 2675 1727
1727 2947 2934
1780 2282 1728
2522 1780 1728
1728 2224 2522
2224 1728 2539
2539 1728 2492
1748 1729 1773
1763 1773 1729
1749 1774 1730
1774 1764 1730
1731 1781 2454
1781 1731 2899
2593 1731 2220
2593 2746 1731
2746 2899 1731
2843 1732 2770
2789 1732 2843
2880 1732 2789
1750 1744 1733
1746 1750 1733
1745 1751 1734
1751 1747 1734
1740 1735 1744
1741 1745 1736
1737 1752 2591
1752 1737 2849
1737 2570 2849
1756 1746 1738
1746 2228 1738
1752 1756 1738
2591 1752 1738
1747 1757 1739
1757 1753 1739
1739 1753 2226
1739 2226 2277
2926 1739 2277
1742 1740 1750
1744 1750 1740
1743 1751 1741
1745 1741 1751
1746 1742 1750
1747 1751 1743
1756 1754 1746
1757 1747 1755
1771 1748 1786
1786 1748 1773
1772 1796 1749
1787 1774 1749
1796 1787 1749
2500 1756 1752
1790 2500 1752
1790 1752 2849
1757 1791 1753
1753 1791 2766
1753 2766 2226
1797 1754 1756
1769 1754 1797
1755 2358 1757
1770 2358 1755
1756 2266 1797
2500 2266 1756
1795 1791 1757
1795 1757 1798
2358 1798 1757
1792 1767 1758
1758 1777 1801
1803 1792 1758
1758 1801 1803
1793 1759 1768
1793 1804 1759
1802 1759 1804
1802 2895 1759
1775 1760 1784
1775 2663 1760
2668 1784 1760
2346 1760 2419
2346 2668 1760
2419 1760 2481
2481 1760 2510
2663 2510 1760
1776 1785 1761
1776 1761 2630
2802 1761 1785
1761 1810 2379
1810 1761 2802
1781 1762 2425
1781 2855 1762
1762 1782 2729
1762 2843 1782
2425 1762 2729
2843 1762 2855
1767 1792 1763
1763 1799 1773
1792 1799 1763
1764 1793 1768
1774 1800 1764
1793 1764 1800
1805 1765 1769
1805 1778 1765
1806 1770 1766
1778 1806 1766
1769 1797 1814
1805 1769 1814
1815 1798 1770
1770 1798 2358
1806 1815 1770
1779 1771 1807
2902 1771 1779
1771 1786 1807
1796 1772 1808
1772 2282 1808
1786 1773 2329
2329 1773 1799
1787 1827 1774
1827 1800 1774
1775 1784 2775
2278 2663 1775
2775 2278 1775
1776 2588 1785
1776 2232 2233
1776 2669 2232
1776 2233 2588
2630 2777 1776
1776 2777 2669
1801 1777 2708
2454 2956 1777
1777 2488 2745
2956 2488 1777
1777 2745 2708
1805 1813 1778
1813 1806 1778
1819 1788 1779
1788 2570 1779
1819 1779 1807
2570 2902 1779
1789 1820 1780
1780 2522 1789
1820 1808 1780
2282 1780 1808
1781 2425 2956
2454 1781 2956
2899 2855 1781
1812 1782 2711
2729 1782 1812
2895 2711 1782
2843 2770 1782
2770 2895 1782
1809 2419 1783
1783 2678 1809
1783 2419 2321
1783 2321 2449
2379 1783 2449
1783 2379 2721
1783 2721 2678
1818 2237 1784
1818 1784 2668
2775 1784 2237
2588 1817 1785
1817 2802 1785
2411 1807 1786
1826 1786 2329
1826 2411 1786
1796 1827 1787
1790 1788 1819
1790 2849 1788
1788 2849 2570
1789 1791 1820
1791 1789 2766
2766 1789 2522
1834 1794 1790
1794 2500 1790
1790 1819 1824
1834 1790 1824
1835 1791 1795
1791 1825 1820
1791 1835 1825
1799 1792 1832
1792 1803 1832
1793 1800 1833
1804 1793 2800
1793 1833 2800
1797 2266 1794
2494 1797 1794
1834 2494 1794
1794 2266 2500
1798 1835 1795
1808 2291 1796
2291 1827 1796
1797 2494 1814
1815 1845 1798
1845 1835 1798
1799 1832 2463
2463 2329 1799
1827 2477 1800
1800 1843 1833
2477 1843 1800
1801 2708 1803
1802 1804 2794
1802 2726 1816
1816 2895 1802
1802 2794 2726
1830 1832 1803
2301 1830 1803
2708 2301 1803
2794 1804 2800
1813 1805 1821
1805 1814 1822
1805 1822 1821
1813 2281 1806
2286 1815 1806
2281 2286 1806
1848 1819 1807
2411 1848 1807
1820 1847 1808
1847 2291 1808
2668 1809 1818
1809 2878 1818
1809 2346 2419
2346 1809 2668
1809 2678 2556
1809 2556 2878
1810 1817 2653
1810 2802 1817
1810 2613 2379
2653 2613 1810
1811 2425 2457
2425 1811 2488
1811 2457 2567
2488 1811 2744
2744 1811 2567
2634 1812 1816
1812 2711 1816
1812 2634 2529
2854 1812 2529
2729 1812 2854
1813 1821 2281
1857 1822 1814
1814 1844 1857
1814 2494 1844
1823 1858 1815
1823 1815 2286
1845 1815 1858
2634 1816 2784
2895 1816 2711
1816 2726 2922
2784 1816 2922
1831 1817 2239
2372 1817 1831
2239 1817 2588
2372 2653 1817
1818 1830 2237
2695 1830 1818
2878 2695 1818
1824 1819 1837
1848 1837 1819
1825 1840 1820
1820 1840 1838
1838 1847 1820
1822 1874 1821
1874 1823 1821
1821 1823 2281
1857 1872 1822
1874 1822 1872
1823 1873 1858
1874 1873 1823
2281 1823 2286
1839 1834 1824
1824 1837 1839
1835 1840 1825
1887 1826 2327
1887 2411 1826
2327 1826 2329
2291 1935 1827
1827 1935 2477
2301 2158 1828
2158 2618 1828
1828 2229 2231
2960 2229 1828
2301 1828 2231
2618 2960 1828
2302 1829 2159
2159 1829 2848
2160 1829 2233
2160 2848 1829
2233 1829 2302
1830 2568 1832
2165 1830 2163
2163 1830 2695
2568 1830 2165
1830 2301 2237
1831 1833 1849
1833 1831 2800
2372 1831 1849
2302 1831 2239
2302 2800 1831
1832 2759 2463
1832 2568 2759
1843 2735 1833
1833 2735 1849
1839 1861 1834
1861 1844 1834
1834 1844 2494
1840 1835 1862
1862 1835 1845
1836 2604 2556
1836 2556 2678
2653 2604 1836
2653 1836 2613
2613 1836 2721
2721 1836 2678
1846 1839 1837
1846 1837 1848
1868 1838 1840
1838 1859 1847
1871 1859 1838
1868 1871 1838
1846 1867 1839
1867 1861 1839
1862 1868 1840
2240 1841 1852
1852 1841 2680
1841 2240 2158
2874 1841 2158
2680 1841 2916
2823 1841 2874
1841 2823 2916
1842 2159 2166
2159 1842 2784
2407 1842 2166
2892 1842 2407
1842 2634 2784
1842 2937 2634
2892 2937 1842
1843 1899 1892
1892 2763 1843
1899 1843 2477
2763 2735 1843
2869 1857 1844
1877 1844 1861
1877 2869 1844
1845 1858 1878
1878 1862 1845
1846 1848 1860
1846 1860 1870
1867 1846 1870
1859 1886 1847
1886 2291 1847
1887 1860 1848
1887 1848 2411
1849 1876 1880
2735 1876 1849
1880 2372 1849
1852 1863 1850
1850 2930 1852
1863 2288 1850
1850 2592 1865
2760 1850 1865
1850 2288 2592
2930 1850 2760
1851 2566 2420
1851 2420 2901
1851 2848 2566
2848 1851 2718
2901 2718 1851
1863 1852 2243
2930 2240 1852
2243 1852 2680
2757 2163 1853
2878 1853 2163
2482 2478 1853
2478 2652 1853
2482 1853 2556
2556 1853 2878
2652 2757 1853
1880 1854 2372
1880 2816 1854
2372 1854 2653
1854 2400 2653
1854 2816 2400
2607 1855 2250
2905 2250 1855
2370 2859 1855
1855 2916 2370
2607 2916 1855
2859 2905 1855
1856 2854 2529
2529 2937 1856
2837 1856 2533
2533 1856 2892
2837 2811 1856
1856 2811 2859
1856 2859 2854
2892 1856 2937
1857 1897 1872
2869 1897 1857
1873 1917 1858
1858 1917 1878
1859 1871 1891
1886 1859 1882
1859 1891 1882
1860 1890 1870
1881 1860 1887
1881 1890 1860
1884 1861 1867
1884 1877 1861
1885 1868 1862
1885 1862 1878
1863 1883 2842
1863 2867 1883
2610 1863 2243
2244 1863 2610
2244 2867 1863
2288 1863 2842
1889 2889 1864
1889 1864 2932
2407 2285 1864
1864 2285 2901
1864 2901 2289
1864 2289 2932
2892 2407 1864
2889 2533 1864
2533 2892 1864
1869 1865 1906
1869 2900 1865
1906 1865 2168
2168 1865 2592
2900 2760 1865
1869 1906 1866
2420 1869 1866
1906 2715 1866
2289 1866 2715
2901 1866 2289
2420 1866 2901
1867 1870 1884
1871 1868 1885
2161 1869 2420
1869 2161 2900
1884 1870 1893
1890 1893 1870
1885 1894 1871
1894 1891 1871
1872 1916 1874
1916 1872 1897
1917 1873 1874
1924 1874 1916
1924 1917 1874
1879 1875 2686
1879 2759 1875
2759 2568 1875
2568 2860 1875
1875 2860 2686
1876 2170 1880
1876 2763 2170
2763 1876 2735
1884 2635 1877
2635 1902 1877
1902 2869 1877
1896 1885 1878
1929 1896 1878
1878 1917 1929
1879 2163 2757
1879 2860 2163
1879 2312 2334
2312 1879 2757
2686 1879 2334
2753 1879 2686
2860 1879 2686
2753 2759 1879
1880 2170 2816
1912 1881 1887
1881 1908 1890
1912 1908 1881
1936 1886 1882
1907 1882 1891
1907 1936 1882
1883 2806 2842
2867 2806 1883
1893 1910 1884
1910 1895 1884
1884 1895 2635
1909 1894 1885
1896 1909 1885
1886 1936 1935
1886 1935 2291
1900 1934 1887
1887 2327 1900
1934 1912 1887
2523 1888 2504
1888 2973 2504
2973 1888 2523
2169 2889 1889
2169 1889 2894
2894 1889 2932
1920 1893 1890
1908 1920 1890
1891 1894 1921
1921 1907 1891
1892 1899 1942
1942 2541 1892
2541 2170 1892
2170 2763 1892
1920 1910 1893
1909 1921 1894
1902 1895 1919
1895 1902 2635
1919 1895 1910
1909 1896 1918
1929 1918 1896
1902 1916 1897
1902 1897 2869
1898 1953 1900
1900 2327 1898
1953 1898 1941
2776 1941 1898
1898 2327 2546
2776 1898 2546
1899 1935 1942
1935 1899 2477
1953 1934 1900
1901 2864 1904
1901 1904 2905
1905 1947 1901
1905 1901 2811
2453 1946 1901
1946 2864 1901
1947 2453 1901
2811 1901 2859
2859 1901 2905
1902 1928 1916
1928 1902 1919
1967 2290 1903
2462 1967 1903
1903 2290 2478
2400 2462 1903
2400 1903 2604
1903 2478 2482
2604 1903 2482
2171 2609 1904
2864 2171 1904
2609 2244 1904
1904 2244 2905
1948 1905 1911
2837 1911 1905
1949 1947 1905
1948 1949 1905
1905 2811 2837
1926 1906 2168
1926 2847 1906
1906 1927 2715
1927 1906 2847
1971 1907 1921
1980 1936 1907
1971 1980 1907
1908 1912 1925
1908 1925 1920
1918 1933 1909
1933 1921 1909
1919 1910 1932
1910 1920 1932
1948 1911 2444
2696 1911 2169
2169 1911 2893
1911 2696 2444
1911 2837 2893
1912 2503 1925
2503 1912 1934
1915 2311 1913
2932 1915 1913
1913 2311 1931
1931 2894 1913
2894 2932 1913
2806 1930 1914
1914 1930 2824
1914 2348 2167
1914 2167 2758
2348 1914 2824
2806 1914 2758
1927 2311 1915
1915 2715 1927
1915 2289 2715
2932 2289 1915
1916 2415 1924
1916 1928 2415
1924 2659 1917
2659 1929 1917
1929 1940 1918
1940 1933 1918
1939 1928 1919
1932 1939 1919
1925 1945 1920
1945 1932 1920
1933 1971 1921
1922 2828 2424
2933 1922 2424
2586 2623 1922
2933 2586 1922
2623 2828 1922
1924 2415 2659
2765 1945 1925
2503 2765 1925
1951 1926 2348
2929 1926 1951
1926 2168 2167
2348 1926 2167
2929 2847 1926
1927 1961 1952
1952 2311 1927
2847 1961 1927
1939 1950 1928
1950 1943 1928
1943 2415 1928
1944 1940 1929
2659 1944 1929
1930 2671 2249
2824 1930 2249
2671 1930 2806
1931 2311 1964
2696 1931 1964
1931 2696 2169
2169 2894 1931
1939 1932 1945
1940 1971 1933
1953 1958 1934
1958 2503 1934
1936 1959 1935
1935 1954 1942
1959 1954 1935
1936 1980 1959
2773 1941 1937
2776 1937 1941
2586 1937 2623
2682 1937 2586
1937 2625 2623
2625 1937 2749
2773 1937 2682
1937 2776 2749
1938 2523 2541
1938 2973 2523
1938 2541 2891
1938 2891 2817
1938 2817 2971
2971 2973 1938
1945 1950 1939
1944 2381 1940
1975 1971 1940
2381 1975 1940
1953 1941 2773
1954 2768 1942
2541 1942 2891
2891 1942 2768
1974 1943 1950
1974 2373 1943
2373 2308 1943
1943 2308 2415
1957 1944 2308
1957 2381 1944
2308 1944 2659
1974 1950 1945
1945 2765 1974
1978 1946 2453
1978 2628 1946
2171 1946 2574
1946 2171 2864
2628 2574 1946
2722 1947 1949
1979 2453 1947
2722 1979 1947
1949 1948 2722
1966 1982 1948
1948 2444 1966
2722 1948 1982
1951 2348 2890
1951 2890 2887
2929 1951 2887
1952 1961 1982
1952 1988 1964
1952 1964 2311
1982 1988 1952
1953 2565 1958
2565 1953 2773
1995 1954 1959
1995 2636 1954
2636 2750 1954
1954 2750 2768
2172 1955 2872
1955 2172 2933
2688 2912 1955
2688 1955 2933
1955 2912 2872
1956 2606 1970
1956 1970 2734
2597 2247 1956
2247 2971 1956
2597 1956 2954
1956 2971 2606
1956 2734 2954
1957 2373 2022
1957 2022 2469
2373 1957 2308
1957 2469 2381
2006 2010 1958
2565 2006 1958
2010 2503 1958
2011 1959 1980
1995 1959 2011
1989 1991 1960
1989 1960 2638
1960 1991 2847
1960 2929 2638
1960 2847 2929
1990 1982 1961
1990 1961 1991
1991 1961 2847
1976 1962 1968
1968 1962 2246
1985 1962 1976
2912 1962 1985
2246 1962 2688
2688 1962 2912
1965 2783 1963
1965 1963 2862
1963 2640 2862
2890 2640 1963
1963 2783 2890
1964 1988 1966
2444 1964 1966
2444 2696 1964
1965 2665 2470
1965 2470 2783
2665 1965 2839
1965 2862 2839
1966 1988 1982
2013 1967 2003
2434 2003 1967
2013 2473 1967
1967 2536 2290
2472 2434 1967
2537 1967 2462
2537 2472 1967
2473 2536 1967
2473 1976 1968
2292 1968 2246
2292 2844 1968
2473 1968 2536
2536 1968 2844
2472 1969 1977
2597 1977 1969
1969 2537 2173
1969 2173 2562
1969 2562 2247
2247 2597 1969
1969 2472 2537
1970 1973 2734
1970 2829 1973
2606 2829 1970
1998 1971 1975
1998 1980 1971
1972 2646 2172
1972 2172 2872
2598 1972 2174
1972 2845 2174
2942 1972 2598
1972 2942 2646
2845 1972 2912
1972 2872 2912
1973 2175 2332
2778 2175 1973
2734 1973 2332
2924 2778 1973
1973 2829 2924
1997 2017 1974
2765 1997 1974
2022 1974 2017
2373 1974 2022
1998 1975 2018
2023 2018 1975
1975 2381 2023
1985 1976 2689
1976 2013 2007
2689 1976 2007
2013 1976 2473
1986 2513 1977
2597 1986 1977
2599 2472 1977
2599 1977 2513
1987 2439 1978
1987 1978 2453
2439 1992 1978
1978 1992 2628
2438 1987 1979
1979 1987 2453
1993 2438 1979
1993 1979 2722
1998 2011 1980
2004 1989 1981
1989 2638 1981
2001 1981 1992
2628 1992 1981
1981 2001 2004
1981 2839 2628
2638 2665 1981
2665 2839 1981
1990 2637 1982
2637 1993 1982
1982 1993 2722
2360 2738 1983
2360 1983 2919
2646 2942 1983
2976 2646 1983
2976 1983 2738
1983 2942 2919
1984 2534 2712
1984 2781 2534
1984 2636 2739
2750 2636 1984
2822 1984 2712
2739 2781 1984
2822 2750 1984
1985 2689 2295
2845 1985 2295
2845 2912 1985
1986 2332 2861
2954 2332 1986
1986 2631 2513
2597 2954 1986
1986 2861 2631
2438 2012 1987
1987 2012 2439
1989 2009 1991
2004 2009 1989
2009 1990 1991
2009 2005 1990
2005 2637 1990
2001 1992 2015
2015 1992 2439
2002 2016 1993
2002 1993 2637
1993 2016 2438
2006 1994 2542
2006 2565 1994
2031 1994 2360
2542 1994 2031
1994 2738 2360
2738 1994 2565
1995 2011 2030
1995 2030 2041
2041 2636 1995
2002 1996 2005
1996 2002 2637
2005 1996 2637
2033 1997 2010
2010 1997 2503
2033 2017 1997
1997 2765 2503
1998 2034 2011
2034 1998 2018
2255 2027 1999
1999 2027 2713
1999 2674 2255
1999 2772 2674
2908 1999 2713
2772 1999 2908
2000 2176 2038
2038 2910 2000
2176 2000 2952
2256 2000 2624
2962 2000 2256
2910 2624 2000
2952 2000 2962
2004 2001 2015
2005 2016 2002
2039 2013 2003
2014 2039 2003
2434 2014 2003
2015 2009 2004
2016 2005 2009
2029 2010 2006
2040 2029 2006
2040 2006 2542
2024 2007 2013
2258 2007 2024
2177 2007 2258
2689 2007 2177
2008 2025 2014
2014 2599 2008
2008 2949 2025
2008 2631 2296
2008 2296 2813
2599 2513 2008
2631 2008 2513
2949 2008 2813
2021 2009 2015
2009 2021 2016
2029 2033 2010
2034 2030 2011
2012 2021 2015
2439 2012 2015
2021 2012 2016
2016 2012 2438
2024 2013 2035
2013 2039 2035
2025 2036 2014
2441 2014 2036
2039 2014 2441
2434 2599 2014
2072 2022 2017
2017 2033 2072
2023 2048 2018
2048 2034 2018
2360 2572 2019
2360 2019 2575
2772 2019 2572
2019 2632 2575
2851 2632 2019
2772 2851 2019
2834 2176 2020
2020 2176 2952
2579 2534 2020
2534 2781 2020
2020 2952 2579
2020 2827 2605
2605 2834 2020
2781 2827 2020
2022 2063 2026
2022 2026 2469
2072 2063 2022
2026 2064 2023
2026 2023 2469
2023 2064 2048
2469 2023 2381
2024 2035 2178
2024 2178 2258
2036 2025 2179
2179 2025 2259
2949 2259 2025
2063 2069 2026
2069 2064 2026
2027 2255 2177
2027 2177 2258
2258 2809 2027
2713 2027 2433
2027 2792 2433
2792 2027 2787
2809 2787 2027
2259 2028 2810
2028 2259 2813
2028 2791 2528
2810 2028 2528
2028 2624 2791
2813 2624 2028
2033 2029 2049
2029 2040 2049
2034 2050 2030
2030 2050 2041
2047 2051 2031
2047 2031 2575
2051 2542 2031
2031 2360 2575
2032 2046 2605
2046 2032 2617
2605 2827 2032
2617 2032 2636
2636 2032 2827
2072 2033 2049
2034 2048 2050
2039 2261 2035
2035 2875 2178
2261 2875 2035
2602 2036 2179
2263 2441 2036
2602 2263 2036
2851 2037 2042
2037 2939 2042
2433 2037 2713
2433 2939 2037
2908 2713 2037
2851 2908 2037
2834 2043 2038
2038 2043 2935
2176 2834 2038
2038 2935 2910
2039 2263 2075
2317 2039 2075
2261 2039 2317
2441 2263 2039
2044 2061 2040
2040 2542 2044
2049 2040 2101
2040 2061 2101
2062 2045 2041
2041 2045 2636
2050 2062 2041
2903 2042 2544
2939 2544 2042
2851 2042 2632
2042 2903 2632
2931 2043 2834
2043 2931 2858
2935 2043 2858
2057 2044 2051
2044 2542 2051
2060 2044 2057
2044 2060 2061
2058 2052 2045
2045 2052 2617
2059 2058 2045
2059 2045 2062
2045 2617 2636
2046 2617 2052
2052 2714 2046
2931 2605 2046
2714 2896 2046
2943 2046 2896
2943 2931 2046
2927 2051 2047
2632 2047 2575
2632 2903 2047
2903 2927 2047
2048 2073 2050
2064 2447 2048
2447 2073 2048
2049 2101 2072
2073 2062 2050
2098 2057 2051
2098 2051 2082
2082 2051 2927
2058 2076 2052
2076 2714 2052
2053 2058 2059
2053 2076 2058
2059 2071 2053
2071 2079 2053
2079 2076 2053
2054 2060 2057
2057 2077 2054
2060 2054 2070
2078 2070 2054
2078 2054 2077
2544 2055 2067
2067 2055 2699
2662 2085 2055
2085 2699 2055
2055 2313 2662
2055 2792 2313
2939 2055 2544
2055 2756 2792
2055 2939 2756
2086 2528 2056
2086 2056 2961
2791 2056 2528
2791 2910 2056
2056 2935 2858
2056 2858 2961
2056 2910 2935
2098 2077 2057
2071 2059 2062
2060 2070 2061
2070 2113 2061
2113 2101 2061
2062 2114 2071
2062 2073 2102
2102 2114 2062
2099 2069 2063
2090 2063 2072
2090 2099 2063
2064 2069 2447
2065 2091 2298
2875 2091 2065
2065 2298 2313
2065 2313 2809
2936 2065 2809
2875 2065 2918
2065 2936 2918
2066 2602 2179
2940 2066 2179
2066 2528 2299
2299 2909 2066
2066 2810 2528
2066 2909 2602
2940 2810 2066
2093 2082 2067
2067 2082 2927
2067 2699 2093
2903 2544 2067
2903 2067 2927
2803 2664 2068
2961 2068 2664
2068 2943 2803
2068 2858 2931
2858 2068 2961
2068 2931 2943
2099 2107 2069
2107 2100 2069
2447 2069 2100
2078 2180 2070
2113 2070 2180
2181 2079 2071
2181 2071 2114
2101 2090 2072
2100 2112 2073
2447 2100 2073
2102 2073 2112
2074 2085 2095
2085 2074 2104
2074 2095 2089
2104 2074 2089
2075 2103 2182
2103 2075 2183
2317 2075 2182
2075 2468 2183
2263 2468 2075
2079 2081 2076
2076 2081 2184
2083 2076 2184
2076 2083 2714
2080 2078 2077
2080 2077 2185
2077 2098 2185
2080 2088 2078
2078 2088 2180
2081 2079 2087
2087 2079 2181
2088 2080 2185
2081 2087 2184
2093 2098 2082
2097 2083 2184
2097 2664 2083
2083 2664 2803
2714 2083 2896
2803 2896 2083
2743 2106 2084
2106 2801 2084
2743 2084 2603
2084 2801 2603
2093 2085 2104
2699 2085 2093
2298 2095 2085
2298 2085 2662
2094 2871 2086
2086 2961 2094
2086 2096 2314
2096 2086 2603
2086 2105 2603
2871 2105 2086
2086 2314 2299
2299 2528 2086
2109 2087 2116
2087 2109 2184
2116 2087 2181
2115 2088 2110
2088 2185 2110
2180 2088 2115
2089 2095 2972
2104 2089 2969
2969 2089 2972
2119 2099 2090
2101 2111 2090
2119 2090 2111
2091 2884 2298
2091 2875 2690
2690 2884 2091
2560 2092 2314
2092 2909 2314
2594 2468 2092
2468 2602 2092
2092 2560 2594
2092 2602 2909
2108 2098 2093
2104 2108 2093
2097 2109 2094
2664 2097 2094
2871 2094 2109
2961 2664 2094
2690 2182 2095
2095 2182 2972
2884 2095 2298
2690 2095 2884
2560 2096 2183
2096 2801 2183
2096 2560 2314
2801 2096 2603
2184 2109 2097
2108 2110 2098
2110 2185 2098
2107 2099 2119
2107 2120 2100
2100 2120 2112
2101 2113 2111
2114 2102 2112
2106 2103 2801
2106 2969 2103
2103 2972 2182
2801 2103 2183
2103 2969 2972
2108 2104 2118
2104 2951 2118
2104 2969 2951
2105 2117 2743
2105 2871 2117
2105 2743 2603
2106 2743 2917
2951 2106 2917
2106 2951 2969
2107 2119 2120
2108 2115 2110
2118 2115 2108
2871 2109 2116
2113 2121 2111
2121 2119 2111
2122 2114 2112
2120 2122 2112
2125 2121 2113
2125 2113 2123
2113 2180 2123
2124 2114 2122
2124 2181 2114
2118 2950 2115
2180 2115 2123
2950 2123 2115
2124 2117 2116
2117 2871 2116
2181 2124 2116
2124 2127 2117
2950 2117 2127
2743 2117 2917
2917 2117 2950
2951 2950 2118
2120 2119 2128
2119 2121 2125
2125 2128 2119
2122 2120 2128
2128 2124 2122
2123 2127 2125
2123 2950 2127
2128 2127 2124
2127 2128 2125
2519 2135 2670
2137 2563 2925
2742 2142 2540
2146 2151 2493
2398 2278 2156
2278 2589 2156
2398 2156 2393
2687 2393 2156
2557 2156 2589
2687 2156 2557
2240 2618 2158
2301 2874 2158
2159 2848 2166
2302 2159 2303
2159 2784 2303
2232 2160 2233
2669 2160 2232
2160 2448 2241
2566 2160 2241
2160 2669 2448
2848 2160 2566
2161 2420 2241
2687 2161 2241
2161 2687 2557
2161 2557 2900
2860 2165 2163
2695 2878 2163
2568 2165 2860
2285 2407 2166
2718 2285 2166
2848 2718 2166
2168 2592 2167
2167 2592 2288
2758 2167 2288
2169 2893 2889
2293 2170 2504
2293 2816 2170
2170 2523 2504
2523 2170 2541
2171 2574 2948
2609 2171 2876
2862 2876 2171
2862 2171 2948
2586 2172 2719
2172 2586 2933
2719 2172 2646
2173 2537 2462
2173 2462 2562
2572 2598 2174
2772 2572 2174
2772 2174 2674
2174 2845 2674
2332 2175 2296
2962 2296 2175
2175 2778 2579
2579 2952 2175
2175 2952 2962
2255 2295 2177
2295 2689 2177
2936 2258 2178
2875 2918 2178
2918 2936 2178
2259 2940 2179
2690 2317 2182
2468 2594 2183
2594 2560 2183
2355 2189 2535
2355 2547 2189
2484 2190 2354
2201 2658 2267
2203 2339 2390
2459 2518 2204
2205 2436 2284
2516 2436 2205
2211 2210 2213
2705 2886 2212
2214 2551 2216
2555 2214 2216
2555 2490 2214
2277 2215 2724
2215 2376 2706
2216 2551 2268
2838 2914 2223
2223 2914 2947
2522 2224 2766
2761 2224 2539
2278 2231 2229
2278 2229 2589
2960 2589 2229
2336 2230 2272
2230 2460 2273
2301 2231 2237
2237 2231 2775
2775 2231 2278
2233 2302 2239
2588 2233 2239
2397 2252 2235
2306 2397 2235
2393 2448 2236
2771 2393 2236
2669 2236 2448
2777 2236 2669
2777 2771 2236
2618 2240 2930
2566 2241 2420
2241 2448 2687
2243 2607 2610
2243 2680 2607
2250 2244 2832
2244 2250 2905
2244 2609 2671
2610 2832 2244
2244 2671 2867
2506 2292 2246
2424 2506 2246
2688 2424 2246
2293 2504 2247
2562 2293 2247
2504 2973 2247
2973 2971 2247
2640 2824 2249
2640 2249 2876
2671 2876 2249
2607 2250 2832
2252 2479 2337
2252 2397 2833
2833 2479 2252
2295 2255 2674
2296 2256 2813
2256 2296 2962
2256 2624 2813
2258 2936 2809
2259 2810 2940
2813 2259 2949
2261 2317 2875
2468 2263 2602
2388 2273 2460
2273 2388 2596
2826 2275 2356
2926 2277 2724
2398 2852 2278
2278 2966 2663
2852 2966 2278
2814 2416 2284
2901 2285 2718
2288 2842 2758
2844 2478 2290
2536 2844 2290
2312 2292 2506
2292 2312 2652
2844 2292 2652
2562 2350 2293
2816 2293 2350
2706 2509 2294
2674 2845 2295
2861 2332 2296
2631 2861 2296
2298 2662 2313
2909 2299 2314
2708 2874 2301
2794 2302 2303
2302 2794 2800
2726 2794 2303
2922 2726 2303
2784 2922 2303
2342 2720 2306
2397 2306 2720
2308 2659 2415
2334 2312 2506
2652 2312 2757
2792 2787 2313
2809 2313 2787
2875 2317 2690
2319 2437 2780
2419 2481 2321
2808 2449 2321
2648 2808 2321
2327 2329 2463
2546 2327 2463
2954 2734 2332
2333 2362 2703
2863 2334 2506
2863 2686 2334
2698 2338 2967
2740 2958 2338
2958 2967 2338
2595 2387 2340
2550 2595 2340
2977 2485 2343
2977 2343 2639
2348 2824 2890
2416 2349 2431
2431 2349 2774
2350 2462 2400
2816 2350 2400
2562 2462 2350
2626 2353 2461
2913 2353 2626
2572 2360 2919
2703 2362 2395
2567 2854 2370
2567 2370 2916
2854 2859 2370
2371 2633 2705
2673 2730 2371
2509 2706 2376
2840 2509 2376
2377 2466 2587
2379 2613 2721
2467 2387 2595
2672 2387 2467
2388 2467 2596
2388 2672 2467
2389 2391 2780
2771 2398 2393
2687 2448 2393
2417 2396 2906
2398 2771 2852
2400 2604 2653
2866 2885 2403
2733 2661 2414
2445 2656 2417
2906 2445 2417
2746 2899 2423
2828 2506 2424
2933 2424 2688
2425 2729 2457
2956 2425 2488
2877 2427 2641
2756 2433 2792
2756 2939 2433
2434 2472 2599
2457 2854 2567
2729 2854 2457
2546 2463 2759
2638 2470 2665
2470 2638 2887
2783 2470 2887
2629 2693 2471
2475 2492 2736
2475 2959 2492
2736 2747 2475
2478 2844 2652
2604 2482 2556
2790 2677 2485
2977 2790 2485
2820 2486 2805
2486 2868 2805
2745 2488 2744
2947 2914 2491
2491 2934 2947
2840 2539 2492
2828 2863 2506
2633 2508 2705
2705 2508 2886
2508 2731 2886
2644 2964 2511
2612 2717 2520
2526 2615 2938
2529 2634 2937
2530 2754 2600
2846 2754 2530
2530 2804 2846
2893 2837 2533
2893 2533 2889
2778 2534 2579
2712 2534 2778
2761 2539 2840
2759 2753 2546
2753 2776 2546
2960 2557 2589
2557 2760 2900
2965 2760 2557
2960 2965 2557
2925 2563 2953
2563 2945 2953
2682 2565 2773
2976 2565 2682
2565 2976 2738
2744 2567 2916
2850 2576 2571
2572 2919 2598
2839 2574 2628
2574 2839 2948
2682 2586 2719
2746 2593 2826
2919 2942 2598
2754 2702 2600
2605 2931 2834
2606 2817 2920
2971 2817 2606
2829 2606 2920
2610 2607 2832
2607 2680 2916
2608 2751 2748
2671 2609 2876
2769 2707 2612
2700 2835 2616
2881 2782 2616
2616 2835 2881
2965 2618 2930
2960 2618 2965
2625 2828 2623
2624 2910 2791
2625 2749 2863
2625 2863 2828
2630 2789 2777
2630 2880 2789
2636 2827 2739
2929 2887 2638
2890 2824 2640
2862 2640 2876
2915 2657 2642
2915 2642 2788
2643 2694 2799
2719 2646 2976
2740 2655 2958
2685 2657 2915
2663 2966 2746
2867 2671 2806
2704 2675 2963
2675 2934 2963
2976 2682 2719
2753 2686 2749
2749 2686 2863
2793 2835 2700
2701 2836 2785
2708 2745 2823
2708 2823 2874
2712 2778 2924
2822 2712 2920
2920 2712 2924
2822 2728 2750
2728 2856 2750
2817 2856 2728
2817 2728 2920
2728 2822 2920
2886 2731 2838
2914 2838 2731
2957 2747 2736
2739 2827 2781
2745 2744 2823
2744 2916 2823
2746 2826 2899
2746 2966 2899
2776 2753 2749
2750 2856 2768
2842 2806 2758
2965 2930 2760
2891 2768 2856
2789 2771 2777
2855 2771 2789
2771 2899 2852
2855 2899 2771
2851 2772 2908
2890 2783 2887
2866 2786 2885
2843 2855 2789
2943 2896 2803
2817 2891 2856
2924 2829 2920
2862 2948 2839
2852 2899 2966
2917 2950 2951