3 2 1
1 2 2832
2623 3 1
2623 1 2832
3 8 2
8 7 2
7 2730 2
3093 2 2730
2 3093 2832
2439 8 3
2623 2439 3
17 11 4
11 2422 4
12 17 4
3088 12 4
4 2422 3088
9 6 5
6 3015 5
3102 9 5
3015 2990 5
2990 3063 5
3063 3102 5
16 6 9
14 6 16
14 3015 6
8 2994 7
7 13 2730
2994 13 7
2439 2917 8
2917 2994 8
9 3055 16
3102 3055 9
2506 15 10
15 2643 10
10 18 2439
2643 18 10
2623 10 2439
10 2623 2506
2887 11 17
2422 11 2441
11 2887 2441
2868 17 12
2868 12 3117
3117 12 3088
2421 13 2763
2421 3093 13
2763 13 2440
13 2936 2440
3093 2730 13
2936 13 2994
16 2735 14
27 2618 14
2735 27 14
3015 14 2618
15 2953 19
19 3105 15
15 2506 2421
15 2421 2953
2643 15 2508
3105 2508 15
16 2938 2735
2938 16 3055
3032 17 2868
3064 2887 17
3064 17 3032
18 2648 28
18 28 2917
18 2917 2439
2648 18 2643
19 2953 2440
2440 3111 19
2665 3105 19
3111 2665 19
2990 21 20
21 3054 20
20 26 2423
20 3009 26
20 2423 2990
3009 20 3054
2618 21 3015
2618 3070 21
3015 21 2990
3070 3054 21
25 2507 22
3090 25 22
2441 22 2422
22 2507 2422
2617 22 2441
2617 3090 22
2507 25 23
25 2878 23
3117 2507 23
23 2878 2530
2530 2930 23
2930 3117 23
26 24 2423
24 26 2509
38 32 24
32 3055 24
2442 38 24
2423 24 3063
2442 24 2509
24 3055 3102
3063 24 3102
2714 56 25
25 56 2878
3090 2714 25
45 26 37
26 2829 37
45 2509 26
3009 2829 26
2980 38 27
38 3078 27
3070 2618 27
2735 2980 27
3078 3070 27
28 29 2936
28 3120 29
2648 3120 28
28 2936 2917
29 2440 2936
3111 2440 29
29 2916 3094
2916 29 3120
3094 3111 29
36 30 44
3073 30 36
30 3050 44
3050 30 3073
31 2830 33
33 3105 31
37 31 35
3105 35 31
40 31 37
40 2830 31
38 2980 32
2980 3055 32
46 48 33
2830 46 33
33 48 2508
3105 33 2508
42 2692 34
34 2887 42
66 2617 34
2692 66 34
34 2617 2441
2887 34 2441
52 37 35
52 35 2665
35 3105 2665
60 36 44
36 60 3030
36 3030 3103
3073 36 3103
50 37 39
37 2829 39
50 40 37
52 45 37
38 55 65
38 2442 55
38 65 3078
41 61 39
41 39 3009
39 62 50
61 62 39
39 2829 3009
50 80 40
40 2678 54
2830 40 54
40 80 82
40 82 2678
3054 43 41
3099 41 43
72 61 41
3099 72 41
3009 3054 41
2530 2692 42
2930 2530 42
2887 3064 42
3032 2930 42
3032 42 3064
65 43 3078
65 3099 43
3070 43 3054
3078 43 3070
3027 60 44
3050 3027 44
52 55 45
55 2945 45
45 2945 2509
48 46 47
3090 47 46
46 49 2714
49 46 2830
46 2714 3090
66 48 47
66 47 2617
47 3090 2617
66 58 48
58 3120 48
48 2648 2508
2648 48 3120
54 2713 49
54 49 2830
67 56 49
49 56 2714
2713 67 49
62 80 50
53 51 3050
51 53 3108
3027 51 59
59 51 3108
51 3027 3050
55 52 57
57 52 3094
3111 52 2665
3094 52 3111
2443 64 53
53 64 2802
53 3073 2443
3108 53 2802
3050 3073 53
2678 2654 54
2654 2713 54
55 57 71
2626 65 55
71 2626 55
55 2442 2945
70 63 56
2878 56 63
67 70 56
2916 71 57
3094 2916 57
71 58 66
71 2916 58
2916 3120 58
89 73 59
73 3027 59
83 89 59
83 59 3108
68 60 73
3030 60 68
73 60 3027
62 61 76
88 61 72
61 85 76
61 88 85
76 80 62
66 63 70
2692 63 66
2530 63 2692
2530 2878 63
70 67 64
2802 64 67
68 81 64
68 64 2443
81 70 64
2681 78 65
65 78 3099
2626 2681 65
70 81 66
79 71 66
81 79 66
69 67 2654
69 3108 67
2654 67 2713
3108 2802 67
73 81 68
2443 3030 68
69 83 3108
3125 83 69
2700 69 2654
2700 3125 69
79 2600 71
2681 71 2600
71 2681 2626
78 88 72
72 3099 78
92 81 73
89 92 73
77 75 74
75 86 74
84 77 74
86 84 74
77 3003 75
90 86 75
3048 90 75
3003 3085 75
3085 3048 75
76 91 80
85 96 76
96 91 76
84 93 77
93 3020 77
3024 3003 77
3020 3024 77
87 97 78
78 2681 87
88 78 97
92 79 81
92 2510 79
98 79 2510
79 98 2600
2823 82 80
91 2823 80
2650 2678 82
82 2823 2650
2993 89 83
2993 83 3125
86 93 84
95 85 88
85 95 94
94 96 85
90 101 86
93 86 101
97 87 104
98 110 87
87 2600 98
110 104 87
87 2681 2600
95 88 102
97 111 88
88 111 102
92 89 115
2993 115 89
102 90 95
95 90 3048
3044 101 90
102 3044 90
96 106 91
106 2709 91
2709 2823 91
92 115 2510
101 3061 93
3061 3020 93
94 95 3048
105 96 94
103 105 94
103 94 3003
3003 94 3085
94 3048 3085
2911 96 105
106 96 2584
2584 96 2911
97 104 111
110 98 2510
99 107 113
2752 107 99
114 99 113
114 2700 99
2650 99 2700
99 2650 2752
107 100 2562
100 107 2752
108 2562 100
2834 108 100
2823 100 2752
100 2823 2834
112 109 101
101 109 3061
3044 112 101
102 111 3044
116 105 103
109 2946 103
109 103 3020
2972 116 103
2946 2972 103
3024 103 3003
3020 103 3024
110 120 104
120 111 104
116 2911 105
2584 118 106
118 2690 106
106 2690 2834
106 2834 2709
134 113 107
121 134 107
2562 121 107
2690 123 108
123 2871 108
108 2871 2562
2834 2690 108
112 2946 109
109 3020 3061
119 120 110
110 124 119
124 110 2510
111 112 3044
3058 112 111
120 3058 111
112 3058 2946
2921 114 113
127 2921 113
113 2935 127
2935 113 134
126 117 114
117 2682 114
114 2921 126
114 2682 2700
117 129 115
117 115 2993
129 124 115
115 124 2510
130 125 116
125 2911 116
130 116 2972
126 129 117
117 2993 2682
118 125 131
125 118 2911
131 2861 118
118 2584 2911
118 2861 2690
128 120 119
119 124 133
133 128 119
120 128 3058
121 122 2585
122 121 2871
136 134 121
2585 136 121
2871 121 2562
2871 2444 122
2444 3045 122
3045 2585 122
132 147 123
2690 132 123
147 2444 123
123 2444 2871
129 133 124
130 137 125
131 125 137
140 129 126
140 126 135
126 2921 135
135 127 2511
135 2921 127
2511 127 2512
2935 2512 127
128 137 130
3058 128 130
133 137 128
133 129 142
142 129 140
2946 130 2972
3058 130 2946
131 137 138
138 3118 131
131 3124 2861
3118 3124 131
132 2861 141
141 3040 132
147 132 152
3040 152 132
2861 132 2690
133 139 137
142 139 133
2513 134 136
134 2513 145
145 2935 134
3123 140 135
2511 3123 135
143 2513 136
136 2585 143
138 137 139
139 146 138
146 150 138
150 2989 138
3118 138 2989
142 146 139
2446 142 140
2446 140 3123
149 141 2989
149 3038 141
3124 141 2861
141 3118 2989
141 3038 3040
3118 141 3124
2446 146 142
151 143 144
143 3045 144
151 2588 143
2986 2513 143
143 2585 3045
2588 2986 143
148 151 144
148 144 3045
2513 2445 145
145 2445 2514
145 2514 2512
145 2512 2935
146 159 150
159 146 2446
148 2444 147
2991 148 147
3005 147 152
3005 2991 147
148 2628 151
153 2628 148
153 148 2991
2444 148 3045
150 149 2989
150 3059 149
149 2793 157
149 157 3038
3059 2793 149
3059 150 159
155 160 151
2628 155 151
160 156 151
156 2588 151
157 162 152
3040 157 152
162 3005 152
2846 153 158
158 153 2991
153 2447 2628
2447 153 2846
173 154 156
156 154 2588
173 161 154
161 2515 154
2986 154 2515
2588 154 2986
2895 160 155
2447 172 155
172 2895 155
2447 155 2628
160 171 156
171 173 156
168 162 157
2793 168 157
3038 157 3040
162 2836 158
162 158 3005
2846 158 2836
3005 158 2991
2890 159 2446
2889 159 2890
2889 3059 159
171 160 167
2895 167 160
161 163 2515
2978 163 161
173 185 161
2956 182 161
182 2978 161
185 2956 161
168 2949 162
162 2949 2836
163 169 2514
2978 169 163
163 2514 2445
2515 163 2445
178 168 164
168 2793 164
174 178 164
164 2889 174
3059 164 2793
2889 164 3059
174 165 193
174 2889 165
2842 193 165
2842 165 3123
2889 2890 165
165 2890 3123
166 172 2447
172 166 2712
2712 166 176
166 2846 176
166 2447 2846
175 171 167
172 179 167
172 167 2895
179 175 167
178 2949 168
170 169 2448
2514 169 170
2583 2448 169
2583 169 2978
2842 170 2448
2514 170 2531
170 3080 2531
2842 3080 170
173 171 180
183 171 175
183 180 171
179 172 181
181 172 2712
196 173 180
196 185 173
178 174 188
188 174 193
179 184 175
184 183 175
2836 177 176
177 3004 176
186 176 190
2712 176 186
3004 190 176
2846 2836 176
2949 2449 177
2449 3004 177
2949 177 2836
178 188 2449
178 2449 2949
181 191 179
189 184 179
191 189 179
183 200 180
180 200 196
186 198 181
186 181 2712
181 198 191
187 2583 182
2956 187 182
2583 2978 182
194 183 184
194 200 183
2762 184 189
184 2669 194
2762 2669 184
196 204 185
185 204 2603
2603 2956 185
190 2764 186
186 206 198
2764 206 186
203 195 187
187 195 2583
203 187 2603
2603 187 2956
193 2896 188
188 207 201
188 201 2449
188 2896 207
199 189 191
199 2931 189
2931 2762 189
190 197 2853
197 190 3004
2764 190 2853
198 199 191
192 193 2842
192 3047 193
195 192 2448
3047 192 195
192 2842 2448
193 202 2896
3047 202 193
205 200 194
212 205 194
2669 212 194
202 195 210
202 3047 195
195 203 210
2583 195 2448
200 215 196
215 204 196
201 197 2449
197 201 2853
2449 197 3004
214 199 198
206 208 198
208 218 198
214 198 218
214 209 199
209 2931 199
205 215 200
207 219 201
201 219 3014
201 3014 2853
207 202 2837
202 207 2896
202 210 2837
225 210 203
225 203 2603
226 204 215
220 204 226
220 2603 204
3060 205 212
2857 215 205
2857 205 3060
216 208 206
2824 216 206
2764 217 206
217 2824 206
2827 219 207
2827 207 2837
216 218 208
222 211 209
211 2931 209
214 222 209
230 210 225
2855 210 230
2837 210 2855
211 2652 213
211 213 2669
2652 211 222
211 2669 2762
2931 211 2762
213 212 2669
213 2741 212
2741 3060 212
233 213 224
2652 224 213
233 2741 213
218 2806 214
214 228 222
2806 228 214
227 226 215
2857 227 215
232 218 216
236 232 216
2824 236 216
229 2732 217
3014 229 217
217 2732 2824
2764 2853 217
2853 3014 217
232 2806 218
223 219 2827
3056 219 223
219 3056 3014
234 225 220
220 225 2603
226 234 220
221 2655 227
227 2857 221
240 2582 221
221 3060 240
255 221 2582
255 2655 221
2857 3060 221
222 228 2696
2696 2652 222
230 237 223
223 2855 230
3056 223 237
2855 223 2827
2652 231 224
231 2863 224
233 224 2863
230 225 2932
225 234 238
2932 225 238
243 226 227
243 234 226
2655 243 227
2657 228 235
235 228 2806
2657 2589 228
228 2589 2696
229 237 2732
229 3056 237
229 3014 3056
239 237 230
239 230 2932
231 241 247
2696 241 231
247 242 231
242 2863 231
2696 231 2652
244 235 232
232 235 2806
236 2635 232
2635 244 232
233 249 240
233 240 2741
233 2863 249
248 238 234
243 246 234
246 248 234
244 2795 235
2795 2657 235
245 2635 236
236 2641 245
236 2824 2641
2639 237 239
2732 237 2639
239 2932 238
3017 239 238
248 250 238
250 252 238
252 3017 238
239 3017 2639
262 240 249
240 2452 257
2582 240 257
262 2452 240
240 3060 2741
247 241 256
241 251 256
2589 251 241
2589 241 2696
247 258 242
254 249 242
242 249 2863
258 254 242
243 2711 246
255 2450 243
243 2655 255
243 2450 2711
2635 2726 244
2726 2795 244
2516 245 253
2639 253 245
245 2516 2635
2641 2639 245
2517 248 246
2711 2517 246
256 2644 247
2644 258 247
2971 250 248
2971 248 2517
254 262 249
252 250 2971
251 264 256
259 266 251
259 251 2589
266 264 251
252 253 2639
253 252 3001
270 252 2971
270 3001 252
3017 252 2639
2516 253 2532
253 3001 2532
254 258 260
261 254 260
262 254 261
267 255 257
255 2582 257
267 2450 255
264 2568 256
2568 2644 256
2452 267 257
2656 260 258
2656 258 2644
273 259 263
259 2657 263
273 266 259
2657 259 2589
261 260 2789
260 269 279
260 2656 269
279 2789 260
297 262 261
261 288 297
288 261 2789
284 262 297
2452 262 284
271 273 263
271 263 2726
263 2657 2795
2726 263 2795
266 278 264
264 268 2568
2619 268 264
278 2619 264
265 268 275
268 265 2568
277 269 265
265 269 2656
275 277 265
2568 265 2644
265 2656 2644
273 286 266
278 266 286
274 267 283
274 2450 267
283 267 291
2679 291 267
2452 2679 267
275 268 282
282 268 2619
277 281 269
281 279 269
270 276 293
2517 276 270
3001 270 293
270 2971 2517
271 290 273
295 271 285
285 271 2451
290 271 295
2451 271 2726
274 272 2450
274 2926 272
276 2517 272
276 272 2926
2450 272 2711
2711 272 2517
290 286 273
283 298 274
298 301 274
274 301 2926
307 277 275
282 313 275
313 307 275
293 276 294
294 276 2926
277 305 281
307 305 277
278 292 282
278 282 2619
304 278 286
304 292 278
281 296 279
296 287 279
279 287 2789
293 289 280
289 2451 280
293 280 3001
280 2451 2532
3001 280 2532
281 323 296
281 305 323
292 318 282
318 313 282
283 291 298
297 314 284
314 302 284
2666 284 302
2452 284 2679
284 2666 2679
289 285 2451
289 2518 285
2518 295 285
290 299 286
308 286 299
308 304 286
2789 287 288
2929 288 287
296 338 287
338 2929 287
2929 297 288
289 293 2518
290 295 309
299 290 309
2570 298 291
2476 2570 291
2666 2476 291
2666 291 2679
2587 292 304
2587 318 292
294 300 293
300 2518 293
2913 300 294
294 301 2913
301 294 2926
2518 303 295
303 2965 295
309 295 2965
323 364 296
364 338 296
297 355 314
338 355 297
338 297 2929
301 298 2570
2876 308 299
319 299 309
319 2876 299
300 2453 2518
300 2913 2453
310 301 320
301 310 2913
2570 320 301
329 302 314
2775 302 329
2666 302 2925
2925 302 2775
2818 306 303
3115 303 306
303 2518 2818
303 2866 2519
2965 303 2519
3115 2866 303
308 324 304
324 350 304
350 2587 304
307 351 305
305 370 323
351 370 305
311 306 2697
311 3115 306
2697 306 2453
2453 306 2818
313 357 307
357 351 307
2661 324 308
308 2792 2661
2792 308 2876
319 309 2606
2606 309 2965
2697 310 320
2453 310 2697
2913 310 2453
317 311 2825
311 317 3115
311 2697 2825
326 312 316
312 330 316
330 312 321
340 321 312
326 340 312
313 318 388
357 313 388
314 371 329
314 355 371
315 334 349
315 2555 334
315 349 2519
2866 315 2519
2555 315 2866
331 316 325
316 347 325
331 326 316
330 337 316
337 339 316
339 347 316
328 317 336
2555 317 328
317 346 336
2825 346 317
317 2555 2866
317 2866 3115
377 388 318
377 318 2587
327 319 2606
327 2792 319
2792 2876 319
354 2825 320
2856 354 320
2944 320 2570
2825 2697 320
2944 2856 320
321 343 330
321 335 343
348 335 321
340 348 321
2425 322 2775
2425 2944 322
2570 2476 322
2925 322 2476
322 2944 2570
2775 322 2925
470 364 323
370 470 323
324 342 373
342 324 2661
324 373 350
325 333 331
360 333 325
347 360 325
352 326 331
340 326 359
359 326 352
342 327 2454
342 2661 327
327 349 2454
327 2606 349
2792 327 2661
334 328 358
2555 328 334
328 336 358
329 371 363
2775 329 363
337 330 393
343 2581 330
330 382 393
2581 382 330
333 332 331
345 331 332
345 352 331
333 344 332
344 341 332
341 345 332
360 344 333
353 349 334
334 376 353
365 334 358
365 376 334
335 361 343
348 369 335
369 361 335
346 383 336
336 415 358
383 477 336
477 415 336
405 339 337
393 405 337
338 427 355
429 338 364
427 338 429
416 347 339
405 416 339
439 348 340
423 340 359
340 423 439
344 374 341
341 356 345
341 372 356
374 372 341
373 342 375
342 2454 375
368 343 361
368 397 343
2581 343 397
360 411 344
411 374 344
384 352 345
356 389 345
345 389 384
354 441 346
354 346 2825
383 346 441
347 433 360
416 433 347
369 348 465
439 448 348
448 465 348
353 2672 349
349 2672 2454
2606 2519 349
350 373 2807
2587 350 2807
351 357 424
351 454 370
424 454 351
359 352 390
384 390 352
376 2620 353
353 2620 2672
441 354 490
490 354 2426
354 2427 2426
354 2856 2427
355 683 371
427 683 355
356 372 387
387 428 356
428 389 356
424 357 388
385 365 358
415 385 358
359 390 2721
2721 423 359
489 411 360
433 489 360
396 368 361
403 361 369
403 396 361
366 362 372
366 401 362
387 372 362
381 387 362
406 381 362
401 408 362
408 406 362
363 371 520
619 409 363
409 2427 363
363 520 619
2427 2425 363
363 2425 2775
493 429 364
470 493 364
418 376 365
385 392 365
392 434 365
434 418 365
380 366 372
402 366 380
421 401 366
402 421 366
386 398 367
367 2920 386
367 2615 391
391 2920 367
419 367 398
419 412 367
412 2615 367
368 396 436
368 445 397
368 436 445
485 403 369
465 485 369
454 548 370
548 470 370
520 371 683
374 380 372
487 373 375
487 482 373
373 482 2807
420 380 374
411 420 374
466 375 422
375 2454 422
466 487 375
418 473 376
376 473 2620
518 388 377
2807 518 377
2587 2807 377
378 379 394
378 426 379
378 394 414
414 404 378
378 404 432
432 426 378
379 400 394
379 399 400
399 379 444
444 379 426
420 402 380
446 387 381
442 381 406
442 446 381
393 382 523
382 510 523
2581 510 382
383 441 538
538 477 383
389 483 384
467 390 384
483 467 384
413 392 385
453 413 385
415 453 385
443 386 395
2920 395 386
503 398 386
503 386 443
446 428 387
424 388 501
388 518 501
389 428 505
389 505 483
467 2721 390
391 475 407
391 407 2920
474 475 391
2615 474 391
413 410 392
410 434 392
393 532 405
523 532 393
460 394 400
478 414 394
394 460 478
407 431 395
407 395 2920
431 437 395
437 443 395
438 396 403
436 396 430
438 430 396
545 397 445
545 524 397
524 2581 397
398 512 419
503 512 398
417 400 399
399 425 417
463 425 399
444 463 399
464 400 417
460 400 464
410 408 401
435 410 401
421 435 401
420 481 402
472 421 402
481 472 402
499 438 403
485 499 403
414 458 404
2586 432 404
2810 404 458
2586 404 2810
537 416 405
532 537 405
408 451 406
471 442 406
451 471 406
431 407 447
447 407 475
410 413 408
413 451 408
629 490 409
409 490 2426
619 629 409
2427 409 2426
410 435 434
411 495 420
489 495 411
461 412 419
492 450 412
412 450 2615
461 496 412
496 492 412
453 451 413
414 478 458
453 415 515
477 515 415
416 570 433
537 570 416
452 417 425
417 452 486
486 464 417
434 504 418
498 473 418
504 498 418
516 461 419
512 516 419
481 420 495
435 421 494
472 494 421
473 466 422
2620 473 422
2672 422 2454
2672 2620 422
423 500 439
500 423 543
423 2721 543
550 454 424
501 550 424
449 452 425
479 449 425
463 479 425
432 562 426
572 444 426
426 562 572
429 662 427
662 700 427
700 683 427
446 505 428
493 662 429
455 436 430
430 438 2698
430 2698 455
437 431 440
440 431 447
556 562 432
2586 556 432
489 433 579
570 656 433
579 433 656
435 494 434
434 494 504
445 436 497
455 484 436
484 549 436
549 497 436
440 443 437
499 2849 438
2698 438 2539
438 2849 2539
588 448 439
439 500 588
443 440 2746
480 440 447
440 480 2894
2746 440 2894
490 2662 441
2662 538 441
526 446 442
533 442 471
533 526 442
528 503 443
528 443 2746
572 463 444
497 582 445
582 545 445
526 505 446
475 522 447
522 480 447
597 465 448
597 448 588
452 449 488
476 457 449
457 488 449
479 476 449
2756 450 492
2756 511 450
511 2835 450
450 2835 2615
453 519 451
519 471 451
488 486 452
515 519 453
548 454 583
550 583 454
469 456 455
456 484 455
2698 469 455
462 459 456
459 502 456
469 462 456
456 502 484
462 457 459
457 476 459
462 514 457
514 488 457
458 478 507
458 507 2520
2520 2810 458
476 529 459
529 502 459
460 464 557
478 460 564
460 557 554
554 564 460
461 527 496
516 527 461
469 540 462
598 514 462
598 462 540
463 539 479
581 539 463
572 581 463
576 464 486
464 576 557
465 612 485
597 609 465
465 609 612
517 466 473
2706 487 466
517 2706 466
573 467 483
558 467 555
573 555 467
558 2721 467
480 2538 468
480 468 2894
509 513 468
2538 509 468
513 2571 468
2571 2455 468
2455 2907 468
2746 2894 468
2907 2746 468
2698 540 469
493 470 600
470 548 600
519 533 471
481 566 472
472 565 494
724 565 472
566 729 472
729 724 472
498 517 473
620 475 474
474 2625 620
2835 474 2615
2835 2625 474
620 522 475
479 525 476
525 529 476
602 515 477
538 602 477
2563 507 478
564 2563 478
539 525 479
522 2538 480
495 566 481
487 508 482
648 482 508
648 546 482
482 546 2807
505 593 483
593 573 483
502 591 484
591 549 484
610 499 485
485 612 610
488 544 486
486 544 625
625 576 486
508 487 569
569 487 2706
544 488 514
489 586 495
579 586 489
629 2662 490
2520 535 491
535 2604 491
2604 542 491
491 542 2610
491 2810 2520
2810 491 2610
496 531 492
492 506 2756
2783 506 492
531 2783 492
686 493 600
686 662 493
494 565 504
586 566 495
527 534 496
531 496 534
658 497 549
582 497 658
498 504 584
578 517 498
634 578 498
584 634 498
610 607 499
499 607 2849
543 605 500
605 588 500
518 575 501
501 615 550
501 575 615
529 591 502
512 503 653
528 644 503
644 653 503
565 639 504
504 639 584
526 622 505
622 593 505
541 589 506
2783 541 506
553 2756 506
2909 553 506
589 2909 506
2458 507 2456
2563 2456 507
507 2458 2520
616 508 569
508 616 648
513 509 2571
522 521 509
2571 509 521
522 509 2538
523 510 659
524 673 510
524 510 2581
673 659 510
553 511 2756
553 2869 511
511 2869 2835
594 516 512
594 512 653
598 544 514
603 519 515
602 603 515
516 628 527
594 628 516
578 574 517
574 2706 517
687 518 546
546 518 2807
687 575 518
603 533 519
619 520 682
683 682 520
522 2566 521
528 2455 521
2546 528 521
521 2455 2571
2525 521 2566
2525 2569 521
2569 2546 521
547 522 614
522 547 2566
614 522 620
523 660 532
657 523 659
657 660 523
524 545 705
524 705 673
525 595 529
539 601 525
601 595 525
533 622 526
527 580 534
527 628 580
624 644 528
2546 624 528
2455 528 2907
528 2746 2907
595 591 529
530 547 571
547 530 2525
563 530 571
2753 530 563
2525 530 2559
2559 530 2753
559 531 534
559 590 531
531 590 2783
677 537 532
660 677 532
603 651 533
651 622 533
536 559 534
580 536 534
535 568 560
560 2604 535
2888 568 535
2520 2458 535
2888 535 2458
567 536 552
580 552 536
561 559 536
567 561 536
677 570 537
674 602 538
627 674 538
627 538 2662
581 633 539
633 601 539
598 540 613
613 540 2539
540 2698 2539
577 589 541
541 617 577
590 617 541
541 2783 590
585 623 542
2604 585 542
542 623 2633
2610 542 2633
558 631 543
558 543 2721
631 605 543
544 598 2638
544 2638 625
582 705 545
648 687 546
547 2839 571
614 2839 547
547 2525 2566
548 583 611
548 611 600
681 549 591
681 658 549
583 550 668
550 615 668
551 624 2546
624 551 2674
2525 2559 551
2525 551 2569
551 2546 2569
551 2559 2753
2674 551 2753
568 552 560
560 552 585
567 552 568
580 585 552
667 2869 553
2909 667 553
554 557 655
654 564 554
654 554 655
645 558 555
573 661 555
661 645 555
562 556 678
679 678 556
556 2544 679
2544 556 2586
557 576 655
647 631 558
645 647 558
561 587 559
587 590 559
560 585 2604
567 606 561
561 646 587
561 606 646
562 694 572
694 562 678
604 563 571
604 592 563
563 592 2753
564 654 650
650 2563 564
565 724 639
586 727 566
729 566 727
2888 567 568
2888 606 567
638 569 574
574 569 2706
638 616 569
763 656 570
776 570 677
776 763 570
2457 604 571
2839 2457 571
572 701 581
701 572 694
593 661 573
578 649 574
638 574 649
575 714 615
687 738 575
738 714 575
625 706 576
576 671 655
576 706 671
665 589 577
617 626 577
626 665 577
634 649 578
579 689 586
656 689 579
643 585 580
628 643 580
701 633 581
788 582 658
739 705 582
739 582 788
663 611 583
583 668 663
642 634 584
639 642 584
641 623 585
641 585 643
689 727 586
587 2522 590
646 2522 587
726 597 588
605 726 588
618 589 665
589 618 2909
2522 617 590
595 709 591
681 591 709
2521 592 604
2914 592 2521
2674 2753 592
2914 2674 592
622 715 593
715 661 593
628 594 688
688 594 653
601 719 595
709 595 719
680 2590 596
680 596 2633
2590 2544 596
596 2544 2610
2610 2633 596
743 609 597
726 743 597
666 598 613
666 2638 598
599 2456 669
599 669 2459
599 2458 2456
599 2459 2458
611 670 600
670 686 600
601 633 2885
601 723 719
723 601 2885
676 603 602
674 676 602
676 651 603
2457 2521 604
720 605 631
720 726 605
691 646 606
691 606 2888
712 607 610
712 2642 607
2849 607 2642
637 630 608
630 640 608
640 636 608
636 2934 608
2934 637 608
609 754 612
777 609 743
754 609 777
612 730 610
730 712 610
663 702 611
611 702 670
2740 730 612
754 2740 612
684 666 613
684 613 2642
613 2539 2642
620 721 614
614 637 621
2457 614 621
614 675 637
721 675 614
614 2457 2839
668 615 769
615 714 769
734 616 638
734 648 616
632 626 617
617 704 632
704 617 711
2522 711 617
665 752 618
756 667 618
667 2909 618
752 756 618
693 629 619
682 782 619
782 693 619
620 822 721
725 822 620
2625 725 620
636 624 621
621 624 2674
636 621 2934
621 637 2934
621 2934 2457
621 2674 2914
2914 2934 621
728 622 651
622 728 715
623 641 692
692 685 623
623 685 2633
636 718 624
718 644 624
2638 706 625
708 626 632
665 626 698
708 698 626
627 629 713
629 627 2662
780 674 627
713 780 627
703 643 628
688 699 628
699 703 628
713 629 693
630 637 664
640 630 664
647 745 631
733 720 631
745 733 631
704 708 632
701 707 633
633 707 2885
642 722 634
649 634 764
722 764 634
669 691 635
669 635 2459
691 2888 635
2459 635 2888
672 636 640
718 636 672
664 637 675
649 731 638
731 734 638
716 642 639
716 639 724
672 640 664
641 643 697
692 641 697
716 722 642
703 697 643
644 757 653
718 732 644
757 644 732
758 647 645
661 773 645
773 758 645
646 691 711
2522 646 711
750 745 647
758 750 647
801 687 648
801 648 734
742 731 649
764 742 649
650 652 2563
650 2747 652
654 766 650
766 749 650
749 2747 650
676 784 651
728 651 747
784 747 651
669 652 736
669 2456 652
3082 736 652
652 2456 2563
2747 3082 652
785 688 653
757 785 653
771 654 655
771 766 654
671 771 655
763 689 656
659 814 657
657 808 660
814 808 657
681 823 658
788 658 823
842 659 673
842 814 659
841 677 660
808 841 660
837 661 715
837 773 661
686 828 662
828 700 662
668 769 663
819 702 663
663 769 768
768 819 663
672 664 690
2428 664 675
664 2428 690
698 793 665
793 752 665
684 744 666
744 2638 666
717 667 756
2869 667 717
751 691 669
736 2622 669
2622 751 669
789 686 670
702 855 670
789 670 855
706 770 671
770 771 671
2428 672 690
718 672 2961
2428 2961 672
705 891 673
842 673 891
784 676 674
784 674 780
710 675 721
675 710 2967
675 2967 2428
677 901 776
901 677 841
678 679 832
821 694 678
821 678 832
832 679 2611
679 2544 2590
2611 679 2590
685 760 680
2633 685 680
760 775 680
775 2590 680
709 870 681
681 870 823
683 826 682
826 782 682
700 812 683
812 826 683
712 794 684
2642 712 684
794 744 684
753 685 692
753 760 685
789 895 686
895 828 686
2554 738 687
801 2554 687
688 804 699
804 688 785
689 883 727
763 859 689
859 883 689
767 711 691
751 767 691
761 692 697
761 753 692
912 713 693
782 886 693
886 912 693
694 836 701
836 694 821
740 748 695
695 2967 740
748 746 695
2694 695 746
2967 695 2694
696 717 779
2869 717 696
779 2905 696
696 2625 2835
696 2905 2625
2869 696 2835
703 778 697
778 761 697
797 698 708
793 698 797
703 699 786
804 786 699
983 812 700
828 983 700
701 825 707
825 701 874
836 874 701
819 909 702
702 909 855
786 778 703
797 708 704
781 704 711
781 797 704
739 939 705
891 705 924
924 705 939
840 706 744
744 706 2638
770 706 795
840 795 706
825 2984 707
2984 2885 707
709 719 892
709 892 870
710 737 718
710 718 2961
710 721 2760
710 2694 737
710 2967 2694
2760 2967 710
710 2961 2967
767 3049 711
3049 781 711
730 2754 712
862 794 712
2754 862 712
912 780 713
714 738 920
769 714 920
728 837 715
835 722 716
843 716 724
843 835 716
756 2751 717
717 790 779
717 2751 790
850 732 718
737 850 718
723 904 719
719 904 892
930 726 720
733 932 720
932 930 720
822 810 721
721 810 2760
860 764 722
835 860 722
902 904 723
902 723 2984
723 2885 2984
869 724 729
869 843 724
798 816 725
725 2905 798
816 822 725
2905 725 2625
954 743 726
930 954 726
853 729 727
883 853 727
728 747 882
882 837 728
853 869 729
2740 937 730
730 937 2754
934 734 731
742 941 731
941 934 731
885 757 732
850 885 732
745 938 733
938 932 733
734 934 801
755 741 735
759 735 741
774 755 735
759 2728 735
787 774 735
787 735 783
735 2959 783
2728 2959 735
809 2460 736
809 736 3082
2622 736 2460
737 746 831
737 2694 746
850 737 831
1079 920 738
2554 1079 738
739 788 968
968 939 739
834 748 740
834 740 2592
2760 2592 740
740 2967 2760
755 762 741
2523 759 741
762 807 741
807 2523 741
742 764 1013
742 1013 941
982 777 743
954 982 743
744 794 925
840 744 994
925 994 744
750 951 745
951 938 745
748 765 746
765 831 746
747 784 917
747 917 882
765 748 831
831 748 834
766 916 749
896 851 749
2747 749 851
916 896 749
758 955 750
956 951 750
955 956 750
767 751 811
811 751 815
815 751 2622
756 752 813
793 861 752
752 861 813
2983 760 753
761 818 753
818 800 753
800 2983 753
754 777 989
989 2740 754
803 762 755
772 803 755
820 772 755
820 755 774
2751 756 813
881 785 757
881 757 885
758 773 961
955 758 961
817 759 2523
817 2960 759
2960 2728 759
760 844 775
844 760 2983
778 872 761
872 818 761
803 807 762
776 919 763
919 859 763
1013 764 860
771 2828 766
2828 916 766
811 805 767
3049 767 805
769 898 768
819 768 914
898 923 768
914 768 923
920 898 769
771 770 915
795 2630 770
2630 915 770
915 2828 771
772 830 803
820 829 772
829 830 772
837 973 773
973 961 773
787 838 774
774 838 820
2461 775 844
2461 2611 775
2611 2590 775
901 1009 776
1028 919 776
1009 1028 776
982 1039 777
777 1039 989
786 877 778
872 778 877
790 845 779
798 779 845
798 2905 779
949 784 780
912 949 780
796 797 781
781 3049 796
826 959 782
782 959 886
852 787 783
791 802 783
791 783 2959
802 839 783
839 852 783
949 917 784
887 804 785
876 785 881
887 785 876
804 889 786
877 786 889
884 838 787
852 884 787
968 788 823
789 855 1035
999 895 789
999 789 1035
3026 845 790
857 3026 790
3110 857 790
790 2751 3110
802 791 888
863 888 791
863 791 2728
2728 791 2959
799 792 824
792 799 2743
803 868 792
2743 803 792
871 824 792
792 868 871
793 797 861
862 953 794
953 925 794
840 906 795
795 906 2630
861 797 796
805 879 796
796 3049 805
796 848 856
879 848 796
796 856 861
905 816 798
845 878 798
905 798 878
873 806 799
2743 799 806
824 849 799
849 854 799
854 873 799
846 800 818
846 3075 800
800 847 2983
3075 847 800
801 934 1053
1053 2554 801
875 839 802
888 875 802
807 803 2743
830 868 803
887 889 804
805 811 833
833 879 805
807 806 827
806 807 2743
827 806 864
806 910 864
873 910 806
827 817 807
807 817 2523
814 991 808
808 1003 841
1003 808 991
894 2462 809
809 3084 894
2462 2460 809
3084 809 3082
822 921 810
893 900 810
893 810 921
810 900 2592
2760 810 2592
811 815 2912
833 811 2731
2731 811 2912
967 826 812
983 967 812
813 861 865
2751 813 865
1004 814 842
1004 991 814
815 2460 2462
815 2622 2460
3065 815 2462
815 3065 2912
905 822 816
2960 817 827
846 818 899
818 872 899
909 819 903
914 903 819
838 829 820
972 821 832
836 821 966
821 972 966
905 921 822
823 870 995
968 823 995
866 849 824
929 866 824
871 929 824
825 874 950
902 825 984
825 902 2984
984 825 950
959 826 977
826 967 977
864 908 827
827 908 2960
895 1011 828
1011 983 828
829 858 830
838 884 829
867 829 852
829 884 852
867 858 829
830 858 868
900 831 834
900 850 831
960 972 832
2611 960 832
833 846 879
833 3075 846
833 2731 3075
2592 900 834
992 835 843
1005 860 835
992 1005 835
874 836 958
958 836 966
965 837 882
965 973 837
867 852 839
875 867 839
840 994 906
901 841 1036
1003 1036 841
891 1024 842
1004 842 1024
869 1002 843
1002 992 843
922 2461 844
2725 922 844
2983 2725 844
878 845 887
887 845 897
897 845 3026
846 899 879
847 2725 2983
3065 2725 847
2731 3065 847
2731 847 3075
890 856 848
879 907 848
890 848 907
849 927 854
948 849 866
849 928 927
849 948 928
885 850 893
893 850 900
979 851 896
979 933 851
851 933 3084
3082 2747 851
3082 851 3084
986 869 853
883 975 853
853 975 986
942 873 854
927 942 854
909 978 855
978 1035 855
856 857 865
857 856 897
856 865 861
897 856 890
857 3110 865
857 897 3026
867 880 858
880 868 858
988 883 859
919 1043 859
1043 988 859
1005 1013 860
862 1001 953
2667 1001 862
2754 2667 862
913 888 863
2852 913 863
918 2852 863
918 863 2960
863 2728 2960
864 910 908
3110 2751 865
929 969 866
969 948 866
911 867 875
911 880 867
931 871 868
880 931 868
1002 869 986
892 995 870
931 929 871
877 907 872
899 872 907
957 910 873
942 957 873
981 950 874
958 981 874
888 913 875
875 926 911
913 926 875
887 876 878
876 905 878
876 881 905
889 890 877
890 907 877
899 907 879
944 880 911
931 880 946
947 880 944
947 946 880
885 921 881
905 881 921
917 1063 882
1045 965 882
1063 1045 882
988 975 883
893 921 885
886 1030 912
959 1030 886
887 897 889
890 889 897
924 1055 891
1055 1024 891
904 1016 892
1016 995 892
945 894 933
3084 933 894
894 945 3065
894 3065 2462
1011 895 999
993 896 916
896 2798 979
896 993 2798
898 920 1083
998 923 898
1083 998 898
901 1036 1009
904 902 1000
984 1000 902
909 903 964
914 940 903
964 903 940
904 1000 1016
997 971 906
906 971 2630
997 906 994
910 952 908
970 918 908
908 918 2960
952 970 908
978 909 964
910 1010 952
976 910 957
976 1010 910
926 963 911
944 911 990
963 990 911
1057 949 912
1030 1044 912
1044 1057 912
913 2831 926
2831 913 2852
962 914 923
914 943 940
943 914 962
2630 985 915
2828 915 985
3013 993 916
916 2828 3013
1068 917 949
1075 1063 917
1068 1075 917
970 974 918
918 974 2831
2831 2852 918
1028 1043 919
1079 1083 920
1021 922 945
922 3065 945
922 1021 2461
2725 3065 922
962 923 1012
998 1012 923
924 939 1059
1059 1055 924
953 1027 925
1027 994 925
936 926 935
935 926 2831
963 926 936
928 1018 927
1023 942 927
1018 1023 927
948 1029 928
928 1029 1018
929 931 1017
929 996 969
1034 996 929
1017 1034 929
932 1096 930
1096 954 930
931 946 1017
938 1091 932
1091 1096 932
945 933 979
941 1058 934
934 1145 1053
934 1058 1145
943 936 935
943 935 940
964 940 935
987 964 935
2831 987 935
943 980 936
936 1006 963
980 1006 936
1060 937 989
989 937 2740
1060 2667 937
937 2667 2754
951 1090 938
1090 1091 938
968 1065 939
1059 939 1065
941 1013 1062
1058 941 1062
1032 957 942
1023 1032 942
962 980 943
2803 947 944
990 1008 944
1008 2803 944
1022 945 979
1021 945 1022
947 1014 946
1014 1070 946
1017 946 1070
947 1038 1014
947 2803 1038
969 1037 948
1037 1029 948
1057 1068 949
981 1026 950
984 950 1026
1093 951 956
1093 1090 951
1052 970 952
1010 1052 952
1001 1042 953
953 1042 1027
982 954 1104
1104 954 1096
1232 956 955
1232 955 961
1228 1093 956
1232 1228 956
1047 976 957
1032 1047 957
1015 958 966
1015 981 958
1080 959 977
1080 1030 959
972 960 1021
960 2461 1021
2461 960 2611
1231 961 973
1231 1232 961
962 1064 980
1012 1064 962
963 1040 990
1006 1040 963
978 964 1007
987 1007 964
973 965 2547
965 1045 1168
2547 965 1168
972 2613 966
2613 1015 966
967 1138 977
983 1138 967
968 995 1071
968 1071 1065
996 1049 969
1049 1037 969
1052 974 970
1019 985 971
2630 971 985
1041 971 997
1020 1019 971
1020 971 1041
1031 972 1021
1031 2613 972
2547 1231 973
1056 987 974
974 987 2831
1052 1056 974
975 1072 986
988 1072 975
976 1047 1010
977 1138 1080
1007 1073 978
978 1073 1035
2798 1022 979
980 1064 1006
1015 1025 981
1025 1026 981
1117 1039 982
982 1104 1117
1148 983 1011
1148 1138 983
1000 984 1067
984 1026 1067
1019 2670 985
2670 3013 985
3013 2828 985
1100 1002 986
1072 2800 986
1100 986 1098
2800 1098 986
987 1056 1007
1129 988 1043
1089 1072 988
1089 988 1129
989 1039 1115
989 1115 1060
990 1048 1008
1040 1048 990
1003 991 1087
1004 3086 991
3086 1087 991
992 1002 1103
992 1103 1005
1033 1022 993
993 1022 2798
3013 1033 993
1054 997 994
1027 1054 994
995 1016 1076
995 1076 1071
1034 1066 996
1066 1049 996
1041 997 1082
1054 1082 997
1012 998 1069
998 1122 1069
1122 998 1083
1148 1011 999
999 1035 1111
1193 999 1111
1193 1148 999
1000 1074 1016
1067 1074 1000
1001 1061 1042
1084 1001 1060
1060 1001 2667
1084 1061 1001
1103 1002 1100
1003 1110 1036
1087 1110 1003
1024 3086 1004
1005 1119 1013
1119 1005 1103
1136 1040 1006
1006 1064 1136
1007 1056 1073
1078 1046 1008
1046 2803 1008
1048 1078 1008
1123 1028 1009
1036 1156 1009
1009 1156 1123
1047 1077 1010
1077 1052 1010
1064 1012 1069
1119 1062 1013
1038 1137 1014
1120 1070 1014
1137 1120 1014
1019 1020 1015
1019 1015 2613
1015 1020 1025
1016 1074 1076
1105 1034 1017
1070 1051 1017
1051 1105 1017
1109 1023 1018
1029 1107 1018
1107 1109 1018
1019 2613 2670
1050 1025 1020
1041 1050 1020
1022 1031 1021
1033 1031 1022
1032 1023 1121
1109 1121 1023
1124 1024 1055
1124 1094 1024
1024 1094 3086
1025 1050 1026
1050 1085 1026
1067 1026 1085
1042 1086 1027
1027 2465 1054
1086 2465 1027
1129 1043 1028
1123 1129 1028
1037 1112 1029
1029 1112 1107
1030 1219 1044
1080 1142 1030
1142 1219 1030
1031 1033 2613
1032 1127 1047
1121 1127 1032
2670 2613 1033
2670 1033 3013
1066 1034 1081
1105 1081 1034
1035 1073 1111
1110 1160 1036
1160 1156 1036
1049 1130 1037
1130 1112 1037
1046 1092 1038
2803 1046 1038
1092 1137 1038
1039 1154 1115
1117 1147 1039
1147 1154 1039
1048 1040 1108
1136 1108 1040
1050 1041 1085
1041 1082 1085
1061 1086 1042
1139 1057 1044
1139 1044 1219
1063 1213 1045
1213 1168 1045
1099 1046 1078
1167 1092 1046
1099 1167 1046
1077 1047 1135
1047 1127 1135
1048 1108 1078
1131 1049 1066
1131 1130 1049
1088 1051 1070
1051 1088 1158
1158 1105 1051
1056 1052 1097
1077 1095 1052
1095 1097 1052
1377 1079 1053
1053 1079 2554
1224 1053 1145
1224 1377 1053
1082 1054 1106
2465 1106 1054
1055 1059 1140
2673 1124 1055
1140 2673 1055
1056 1097 1073
1068 1057 2533
1139 2533 1057
1062 1153 1058
1164 1145 1058
1153 1164 1058
1065 1134 1059
1059 1134 1140
1118 1084 1060
1060 1115 1151
1151 1118 1060
1061 1084 1128
1101 1086 1061
1101 1061 1128
1062 1119 1153
1215 1063 1075
1215 1213 1063
1064 1069 1133
1136 1064 1133
1065 1071 1114
1114 1126 1065
1065 1126 1134
1081 1144 1066
1144 1131 1066
1067 1102 1074
1102 1067 1085
1237 1075 1068
1068 2533 1237
1122 1141 1069
1069 1141 1133
1070 1163 1088
1120 1169 1070
1169 1163 1070
1076 1116 1071
1116 1114 1071
1113 1072 1089
1113 2800 1072
1177 1073 1097
1073 1177 1111
1076 1074 2524
2524 1074 1102
1215 1075 1223
1237 1223 1075
1116 1076 2524
1095 1077 1173
1135 1179 1077
1077 1179 1173
1157 1099 1078
1157 1078 1108
1143 1083 1079
1079 1182 1143
1377 1182 1079
1138 1211 1080
1210 1142 1080
1080 1212 1210
1212 1080 1211
1149 1081 1105
1149 1144 1081
1102 1085 1082
1102 1082 1106
1143 1122 1083
1118 1128 1084
1125 1086 1101
1106 1086 1125
1086 1106 2465
1094 1087 3086
1094 3106 1087
1087 2874 1110
3106 2874 1087
1158 1088 1163
1189 1113 1089
1129 1270 1089
1089 1270 1189
1209 1091 1090
1093 1216 1090
1216 1209 1090
1209 1096 1091
1146 1137 1092
1092 1192 1146
1092 1167 1183
1183 1192 1092
1093 1221 1216
1093 1228 1221
1159 1094 1124
1094 1159 3106
1097 1095 1155
1173 1155 1095
1208 1104 1096
1209 1208 1096
1155 1177 1097
1098 1197 1100
1187 1284 1098
2800 1187 1098
1098 1284 1197
1157 1170 1099
1162 1167 1099
1170 1162 1099
1103 1100 1197
2992 1125 1101
2992 1101 1128
1102 1106 2524
1119 1103 1252
1325 1103 1197
1103 1339 1252
1103 1325 1339
1208 1117 1104
1199 1149 1105
1199 1105 1158
1106 1125 2524
1107 1230 1109
1112 1234 1107
1107 1234 1230
1175 1108 1136
1175 1157 1108
1229 1121 1109
1109 1230 1229
1110 1242 1160
1242 1110 1207
1110 2874 1207
1288 1111 1177
1193 1111 1288
1233 1112 1130
1233 1234 1112
1186 1187 1113
1189 1186 1113
1113 1187 2800
1116 2892 1114
1114 1152 1126
1132 1152 1114
2892 1132 1114
1171 1151 1115
1154 2545 1115
2545 1171 1115
1125 1116 2524
1116 1125 2892
1117 1205 1147
1117 1208 1205
1150 1128 1118
1150 1118 1151
1119 1247 1153
1119 1252 1247
1137 1166 1120
1169 1120 1166
1227 1127 1121
1229 1227 1121
1176 1141 1122
1143 1195 1122
1195 1176 1122
1123 1203 1129
1156 1203 1123
1159 1124 1172
1172 1124 2673
2892 1125 2992
1134 1126 2727
2727 1126 1152
1135 1127 1227
1128 1152 1132
1132 2992 1128
1150 1152 1128
1129 1203 1196
1196 1270 1129
1131 1238 1130
1238 1233 1130
1239 1131 1144
1239 1238 1131
2892 2992 1132
1136 1133 1175
1176 1133 1141
1176 1175 1133
1140 1134 1184
1184 1134 1174
1174 1134 2727
1214 1179 1135
1227 1214 1135
1146 1166 1137
1218 1138 1148
1211 1138 1218
1434 1139 1219
1237 1139 1434
2533 1139 1237
1172 2673 1140
2813 1172 1140
1184 2813 1140
1142 1210 1219
1182 1244 1143
1244 1195 1143
1149 1240 1144
1240 1239 1144
1145 1164 1245
1145 1245 1224
1166 1146 1161
1192 1161 1146
1154 1147 1178
1204 1178 1147
1205 1204 1147
1193 1218 1148
1199 1241 1149
1241 1240 1149
1150 1151 1181
1150 2727 1152
1150 1181 2727
1151 1171 2579
1151 2579 1181
1245 1164 1153
1247 1245 1153
1154 1178 1194
2545 1154 1194
1173 1254 1155
1155 1250 1177
1250 1155 1254
1160 1253 1156
2565 1203 1156
1253 2565 1156
1285 1170 1157
1226 1157 1175
1226 1285 1157
1163 1200 1158
1243 1199 1158
1200 1243 1158
1165 1159 3072
1159 1165 3106
1172 2805 1159
3072 1159 2805
1242 1269 1160
1269 1253 1160
1185 1166 1161
1225 1185 1161
1191 1161 1192
1191 1225 1161
1180 1167 1162
1248 1162 1170
1248 1180 1162
1169 1200 1163
1258 1202 1165
1202 2874 1165
1217 1258 1165
1165 3072 1217
3106 1165 2874
1169 1166 1200
1185 3018 1166
3018 1200 1166
1167 1180 1259
1259 1183 1167
1213 1331 1168
1168 1400 1282
2547 1168 1282
1168 1331 1400
1248 1170 1280
1285 1280 1170
2708 1171 2545
2884 2579 1171
2884 1171 2708
1190 1172 1188
1172 2780 1188
1172 1190 2805
2485 2780 1172
2813 2485 1172
1303 1173 1179
1173 1276 1254
1303 1276 1173
1174 2976 1184
1174 2727 2933
1174 2933 2976
1176 2862 1175
1226 1175 1263
2862 1263 1175
1251 1176 1195
1251 2862 1176
1250 1317 1177
1317 1288 1177
1178 1201 1194
1201 1178 1206
1204 1206 1178
1303 1179 1214
1248 1261 1180
1180 1261 1259
2430 1181 2579
1181 2430 2933
2727 1181 2933
1182 1312 1244
1377 1312 1182
1267 1192 1183
1259 1267 1183
1184 2557 2687
1184 2976 2557
1184 2687 2813
1225 1246 1185
1246 2736 1185
2736 3018 1185
3101 1187 1186
1186 1189 1271
1271 3101 1186
3101 1284 1187
1236 1190 1188
2767 1236 1188
2780 2767 1188
1300 1189 1270
1189 1300 1271
1236 2969 1190
2943 2805 1190
1190 2969 2943
1192 1249 1191
1249 1225 1191
1267 1249 1192
1435 1218 1193
1288 1355 1193
1355 1435 1193
2534 1194 1201
2534 2431 1194
2431 2708 1194
2708 2545 1194
1244 1279 1195
1279 1251 1195
1196 1203 1273
1273 1270 1196
1284 1325 1197
1198 2430 2632
2933 2430 1198
1198 2632 2541
1198 2541 2686
1198 2578 2557
2976 1198 2557
2578 1198 2815
1198 2686 2815
2933 1198 2976
1241 1199 1292
1292 1199 1243
1243 1200 3018
1235 1201 1206
2534 1201 1235
1202 1207 2874
3081 1207 1202
3081 1202 1258
1268 1273 1203
2565 1268 1203
1266 1204 1205
1204 1266 1206
1208 1315 1205
1305 1266 1205
1315 1305 1205
1235 1206 1266
1242 1207 1297
1297 1207 3081
1209 1329 1208
1315 1208 1329
1216 1346 1209
1337 1329 1209
1346 1337 1209
1210 1212 2974
1294 1219 1210
1210 2974 1294
1293 1212 1211
1289 1211 1218
1289 1293 1211
1293 2974 1212
1215 1331 1213
1227 1320 1214
1320 1303 1214
1392 1215 1223
1406 1331 1215
1392 1406 1215
1221 1353 1216
1353 1346 1216
2634 1217 1236
1236 1217 2969
1217 2634 1258
2969 1217 2943
2943 1217 3072
1218 1446 1289
1435 1446 1218
1408 1219 1294
1408 1401 1219
1401 1434 1219
1281 1275 1220
1220 1275 2796
1281 1220 2468
2468 1220 2578
1220 2859 2578
1220 2796 2859
1228 1353 1221
1283 1222 1255
1222 2466 1255
1283 1257 1222
1257 2535 1222
2867 2466 1222
2535 2815 1222
2815 2867 1222
1237 1390 1223
1223 1390 1392
1245 1306 1224
1306 1389 1224
1389 1377 1224
1246 1225 1265
1249 1272 1225
1265 1225 1272
1263 1296 1226
1296 1285 1226
1229 1327 1227
1327 1320 1227
1489 1228 1232
1485 1353 1228
1489 1485 1228
1230 1333 1229
1229 1333 1327
1234 1345 1230
1340 1333 1230
1345 1340 1230
1489 1232 1231
1489 1231 1499
1494 1499 1231
1494 1231 2547
1234 1233 1335
1238 1332 1233
1332 1335 1233
1335 1345 1234
1266 1255 1235
1235 1255 2466
2534 1235 2466
1236 1287 2634
2796 1287 1236
2796 1236 2767
2429 1390 1237
2429 1237 1434
1239 1330 1238
1330 1332 1238
1326 1239 1240
1239 1326 1330
1241 1321 1240
1321 1326 1240
1292 1321 1241
1297 1269 1242
1262 1243 1264
1262 1313 1243
2736 1264 1243
1243 1313 1292
2736 1243 3018
1312 1279 1244
1247 1299 1245
1245 1299 1306
1264 1246 1265
1246 1264 2736
1252 1347 1247
1398 1299 1247
1347 1398 1247
1248 1302 1261
1280 1302 1248
1267 1286 1249
1286 1272 1249
1254 1342 1250
1317 1250 1342
1251 1348 1274
1251 1274 2862
1279 1348 1251
1339 1347 1252
1269 1308 1253
1308 2565 1253
1338 1254 1276
1338 1342 1254
1266 1370 1255
1370 1283 1255
2535 1257 1256
1257 2664 1256
1260 1256 1277
1256 1260 2535
2664 1277 1256
1283 1344 1257
1257 1344 2664
1287 1309 1258
2634 1287 1258
1309 1318 1258
3081 1258 1318
1336 1259 1261
1336 1267 1259
1278 1260 1277
1304 1260 1278
1295 1260 1304
1295 2468 1260
1260 2468 2535
1302 1336 1261
1264 1291 1262
1262 1291 1290
1290 1311 1262
1311 1313 1262
1349 1296 1263
2862 1349 1263
1265 1307 1264
1291 1264 1316
1264 1307 1316
1272 1307 1265
1305 1370 1266
1378 1286 1267
1336 1378 1267
1343 1273 1268
2565 1343 1268
1372 1269 1297
1372 1308 1269
1273 1360 1270
1388 1300 1270
1360 1388 1270
1300 1322 1271
1322 3101 1271
1307 1272 1286
1273 1343 1360
1348 1323 1274
2862 1274 1323
1365 1275 1281
1364 1287 1275
1275 1287 2796
1365 1364 1275
1371 1276 1303
1371 1338 1276
1277 1301 1278
1310 1301 1277
1277 2664 1310
1301 2467 1278
2467 1304 1278
1352 1279 1312
1352 1348 1279
1285 1356 1280
1368 1302 1280
1356 1368 1280
1363 1281 1295
1295 1281 2468
1363 1365 1281
1494 1282 1400
1494 2547 1282
1411 1344 1283
1411 1283 1370
1395 1284 1322
1322 1284 3101
1284 1404 1325
1404 1284 1395
1356 1285 1296
1316 1307 1286
1378 1316 1286
1309 1287 1387
1364 1373 1287
1387 1287 1373
1317 1355 1288
1289 1462 1293
1289 1446 1462
1290 1291 1351
1367 1311 1290
1351 1367 1290
1328 1291 1316
1328 1351 1291
1359 1292 1313
1292 1359 1321
1293 1462 1374
2974 1293 1374
1500 1294 1374
1294 2974 1374
1500 1408 1294
1304 1363 1295
1349 1356 1296
1318 1393 1297
1318 1297 3081
1393 1372 1297
1301 1324 1298
2467 1301 1298
1314 1319 1298
1324 1314 1298
1319 2607 1298
2607 2467 1298
1306 1299 1380
1380 1299 1398
1388 1322 1300
1310 1350 1301
1350 1324 1301
1368 1336 1302
1371 1303 1320
1358 1363 1304
2607 1358 1304
2467 2607 1304
1315 1433 1305
1433 1370 1305
1482 1306 1380
1482 1389 1306
1480 1308 1372
1308 1480 2595
1308 2595 2565
1309 1387 1318
1310 1399 1350
1310 2616 1399
2664 2616 1310
1418 1313 1311
1367 1418 1311
1377 1352 1312
1313 1421 1359
1421 1313 1418
1319 1314 1334
1354 1314 1324
1341 1334 1314
1354 1341 1314
1315 1329 1466
1433 1315 1466
1378 1328 1316
1375 1317 1342
1385 1355 1317
1375 1385 1317
1396 1318 1387
1393 1318 1396
1334 1362 1319
1319 1362 1361
2607 1319 1361
1327 1402 1320
1320 1402 1371
1383 1326 1321
1383 1321 1359
1388 1395 1322
1348 3087 1323
1413 1349 1323
1323 1349 2862
1369 1413 1323
3087 1369 1323
1366 1324 1350
1384 1354 1324
1384 1324 1366
1442 1339 1325
1404 1442 1325
1330 1326 1410
1383 1410 1326
1416 1327 1333
1416 1402 1327
2784 1351 1328
1419 1328 1378
1419 1465 1328
1328 1465 2784
1337 1488 1329
1484 1466 1329
1488 1484 1329
1332 1330 1417
1330 1410 1417
1562 1400 1331
1406 1562 1331
1420 1335 1332
1417 1420 1332
1340 1438 1333
1438 1416 1333
1341 1379 1334
1334 1381 1362
1379 1391 1334
1391 1381 1334
1432 1345 1335
1420 1432 1335
1368 1378 1336
1346 1491 1337
1491 1488 1337
1409 1342 1338
1427 1338 1371
1427 1409 1338
1347 1339 1459
1459 1339 1442
1445 1340 1345
1445 1438 1340
1354 1376 1341
1422 1341 1376
1422 1379 1341
1457 1375 1342
1409 1457 1342
1343 1483 1360
2595 1483 1343
2565 2595 1343
1411 1460 1344
2616 1344 1460
1344 2616 2664
1432 1445 1345
1353 1487 1346
1487 1491 1346
1398 1347 1458
1458 1347 1459
1481 1348 1352
1481 3087 1348
1423 1356 1349
1470 1349 1413
1428 1423 1349
1428 1349 1470
1399 1366 1350
1367 1351 2784
1766 1352 1377
1556 1481 1352
1766 1556 1352
1485 1487 1353
1414 1376 1354
1414 1354 1384
1385 1430 1355
1355 1430 1571
1355 1552 1435
1571 1552 1355
1452 1368 1356
1423 1452 1356
1425 1358 1357
1357 1358 2607
1412 1357 1361
1361 1357 2607
1412 1425 1357
1463 1363 1358
1437 1358 1425
1437 1463 1358
1441 1383 1359
1441 1359 1421
1454 1388 1360
1483 1454 1360
1362 1431 1361
1431 1412 1361
1381 1443 1362
1362 1443 1431
1363 1477 1365
1463 1477 1363
1497 1364 1365
1373 1364 1515
1497 1515 1364
1477 1497 1365
1448 1384 1366
1399 1448 1366
1415 1418 1367
1367 2784 1415
1439 1378 1368
1452 1439 1368
1413 1369 1467
3087 1467 1369
1619 1411 1370
1433 1619 1370
1371 1402 1450
1450 1427 1371
1393 1540 1372
1372 1540 1480
1534 1387 1373
1515 1534 1373
1464 1374 1462
1464 1500 1374
1375 1449 1385
1440 1426 1375
1426 1449 1375
1440 1375 1457
1414 1498 1376
1376 1498 1422
1389 2474 1377
2474 1766 1377
1439 1419 1378
1391 1379 1405
1379 1451 1405
1451 1379 1422
1521 1380 1398
1521 1482 1380
1436 1381 1391
1436 1472 1381
1472 1443 1381
1386 1382 1394
2710 1382 1386
1407 1394 1382
1453 1407 1382
1444 1453 1382
2710 1444 1382
1441 1410 1383
1473 1414 1384
1384 1448 1473
1430 1385 1449
1429 1386 1394
1447 1403 1386
1403 2710 1386
1429 1424 1386
1424 1447 1386
1549 1396 1387
1534 1549 1387
1479 1395 1388
1388 1454 1479
1641 1389 1482
1641 2474 1389
1509 1392 1390
1518 1509 1390
1390 2432 1518
2432 1390 2429
1405 1407 1391
1391 1407 1436
1392 1538 1406
1509 1538 1392
1564 1393 1396
1540 1393 1564
1405 1394 1407
1451 1394 1405
1451 1429 1394
1404 1395 1510
1479 1495 1395
1395 1495 1510
1549 1564 1396
1397 2710 1403
1403 2757 1397
1455 2614 1397
2757 1455 1397
2614 1456 1397
1456 2710 1397
1458 1521 1398
1448 1399 1555
1460 1399 2616
1460 2988 1399
1399 2988 1555
1400 1531 1494
1562 1531 1400
1583 1401 1408
1401 2429 1434
1583 1518 1401
2432 1401 1518
1401 2432 2429
1402 1416 1505
1402 1478 1450
1478 1402 1505
1447 2757 1403
1596 1442 1404
1404 1510 1596
1538 1562 1406
1407 1461 1436
1461 1407 1453
1500 1583 1408
1496 1409 1427
1457 1409 1496
1417 1410 1474
1441 1474 1410
1411 1639 1460
1619 1639 1411
1543 1425 1412
1527 1412 1431
1527 1543 1412
1413 1467 1486
1470 1413 1486
1473 1563 1414
1563 1498 1414
1415 1468 1418
1465 1512 1415
1465 1415 2784
1512 1468 1415
1416 1438 1535
1505 1416 1535
1420 1417 1492
1474 1492 1417
1421 1418 1468
1439 2997 1419
1465 1419 1532
2997 1532 1419
1432 1420 1520
1492 1520 1420
1441 1421 1490
1526 1421 1468
1526 1490 1421
1498 1451 1422
1428 1476 1423
1452 1423 1476
1429 1501 1424
1447 1424 1524
1501 1524 1424
1576 1437 1425
1576 1425 1543
1440 1471 1426
1471 1449 1426
1511 1427 1450
1427 1511 1496
1470 1507 1428
1507 1476 1428
1451 1493 1429
1429 1493 1501
1449 1573 1430
1430 1573 1571
1443 1530 1431
1431 1530 1527
1542 1445 1432
1542 1432 1520
1466 1661 1433
1433 1661 1619
1435 1690 1446
1552 1690 1435
1461 1557 1436
1436 1557 1472
1463 1437 1606
1606 1437 1576
1438 1445 1550
1438 1550 1535
1452 1514 1439
1514 2997 1439
1457 1503 1440
1503 1471 1440
1474 1441 1490
1642 1459 1442
1596 1642 1442
1472 1578 1443
1578 1530 1443
1444 1591 1453
1456 1742 1444
1456 1444 2710
1743 1591 1444
1742 1743 1444
1445 1542 1550
1446 1615 1462
1690 1615 1446
2671 1447 1524
2671 2768 1447
2768 2757 1447
1555 1473 1448
1471 1533 1449
1533 1573 1449
1478 2822 1450
2822 1511 1450
1493 1451 2470
1498 2470 1451
1452 1476 1514
1461 1453 1584
1591 1584 1453
1479 1454 1634
1614 1454 1483
1614 1634 1454
2621 1455 1469
1469 1455 2757
2463 2471 1455
1455 2621 2463
2471 2614 1455
1742 1456 2614
1496 2788 1457
2788 1503 1457
1638 1458 1459
1458 1710 1521
1638 1710 1458
1642 1638 1459
1639 1680 1460
2988 1460 1680
1584 1557 1461
1464 1462 1607
1615 1607 1462
1463 1685 1477
1606 1685 1463
1611 1500 1464
1607 1611 1464
1532 1512 1465
1484 1688 1466
1466 1688 1661
1475 1519 1467
1475 1467 3087
1467 1519 1486
1512 1526 1468
2768 2621 1469
2768 1469 2757
1470 1486 1529
1529 1507 1470
1508 1471 1503
1572 1471 1508
1471 1572 1533
1557 1626 1472
1626 1578 1472
1555 1631 1473
1563 1473 1631
1490 1588 1474
1492 1474 1588
1475 1481 1608
1481 1475 3087
1608 1519 1475
1476 1507 1558
1514 1476 1558
1713 1497 1477
1713 1477 1685
1505 1580 1478
1478 1580 2822
1658 1495 1479
1634 1658 1479
1540 1693 1480
1693 2595 1480
1556 1684 1481
1684 1608 1481
1521 1600 1482
1600 1641 1482
1784 1614 1483
1483 2595 1784
1488 1704 1484
1701 1688 1484
1704 1701 1484
1689 1487 1485
1489 1689 1485
1519 1525 1486
1486 1525 1529
1692 1491 1487
1689 1692 1487
1491 1696 1488
1696 1704 1488
1686 1489 1499
1686 1689 1489
1490 1526 1594
1490 1594 1588
1692 1696 1491
1520 1492 1617
1492 1588 1617
1501 1493 1640
1493 2470 1632
2629 1493 1632
1640 1493 2629
1677 1499 1494
1635 1494 1531
1494 1635 1677
1510 1495 1644
1495 1658 1644
1511 1604 1496
1604 1541 1496
1541 2788 1496
1713 1515 1497
1602 1498 1563
1498 1602 2470
1677 1686 1499
1500 1746 1583
1611 1737 1500
1737 1746 1500
1648 1524 1501
1648 1501 1640
1577 1522 1502
1522 2577 1502
1565 1579 1502
2872 1565 1502
1579 1577 1502
2577 2872 1502
1503 1525 1508
1529 1525 1503
1529 1503 2788
1506 1536 1504
1504 1544 1506
1504 1528 1547
1504 1568 1528
1568 1504 1536
1547 1544 1504
1535 1580 1505
1536 1506 1551
1544 1586 1506
1586 1551 1506
1545 1507 1529
1545 1558 1507
1539 1508 1525
1539 1572 1508
1518 1652 1509
1509 1679 1538
1652 1679 1509
1596 1510 1664
1664 1510 1644
1580 1604 1511
1580 1511 2822
1526 1512 1590
1590 1512 1532
1522 1560 1513
1585 1522 1513
1560 1570 1513
1575 1567 1513
1567 1601 1513
1570 1575 1513
1601 1585 1513
1532 1514 1582
1514 1532 2997
1582 1514 1558
1534 1515 1738
1713 1738 1515
1537 1528 1516
1516 1528 1559
1546 1537 1516
1546 1516 1581
1561 1516 1559
1516 1561 1581
2464 1523 1517
1517 1523 2621
1593 2464 1517
2473 1593 1517
2768 2473 1517
2768 1517 2621
1740 1518 1583
1740 1652 1518
1519 1539 1525
1519 1629 1539
1629 1519 1608
1542 1520 1617
1521 1712 1600
1710 1712 1521
1522 1577 1560
1522 1585 2577
1548 2463 1523
1523 2703 1548
1523 2463 2621
2464 2703 1523
1524 1648 1670
1670 2671 1524
1590 1610 1526
1526 1610 1594
1703 1527 1530
1543 1527 1708
1703 1708 1527
1537 1547 1528
1559 1528 1568
1545 1529 1554
1529 2788 1554
1703 1530 1578
1562 1724 1531
1724 1635 1531
1582 1590 1532
1572 1678 1533
1705 1573 1533
1678 1705 1533
1738 1549 1534
1535 1550 1620
1620 1580 1535
1569 1536 1551
1603 1568 1536
1569 1589 1536
1589 1603 1536
1613 1537 1546
1628 1547 1537
1613 1628 1537
1679 1562 1538
1572 1539 1629
1564 1749 1540
1749 1693 1540
1554 1541 1605
1554 2788 1541
1605 1541 1604
1643 1550 1542
1542 1617 1643
1721 1576 1543
1708 1721 1543
1636 1544 1547
1544 1653 1586
1636 1653 1544
1554 1609 1545
1597 1558 1545
1609 1597 1545
1567 1575 1546
1581 1567 1546
1650 1546 1575
1546 1650 1613
1628 1636 1547
1548 1569 1551
1599 1548 1551
2703 1569 1548
1599 1574 1548
1548 1574 2463
1747 1564 1549
1747 1549 1738
1620 1550 1643
1586 1599 1551
1571 1735 1552
1767 1690 1552
1735 1767 1552
1559 1553 1561
1566 1553 1559
1553 3091 1561
1566 1592 1553
1553 1592 2952
3091 1553 2952
1554 1605 1598
1598 1609 1554
1717 1631 1555
2475 1717 1555
2475 1555 2988
1744 1684 1556
1744 1556 1796
1556 1766 1796
1557 1584 1722
1626 1557 1722
1597 1582 1558
1603 1566 1559
1559 1568 1603
1674 1570 1560
1577 1691 1560
1691 1674 1560
1581 1561 1621
1561 3091 1621
1679 1724 1562
1563 1697 1602
1631 2477 1563
1697 1563 2477
1749 1564 1747
1646 1579 1565
2872 1646 1565
1672 1592 1566
1623 1566 1603
1623 1625 1566
1672 1566 1625
1581 1627 1567
1601 1567 1627
1595 1589 1569
1595 1569 2703
1570 1650 1575
1674 1650 1570
1573 1757 1571
1757 1735 1571
1678 1572 1629
1573 1705 1757
1599 1656 1574
1574 1630 2471
2891 1630 1574
1656 2891 1574
1574 2471 2463
1606 1576 1745
1745 1576 1721
1579 1669 1577
1695 1577 1669
1695 1691 1577
1626 1720 1578
1578 1720 1703
1646 1633 1579
1633 1657 1579
1669 1579 1657
1651 1604 1580
1580 1620 2995
1651 1580 2995
1581 1621 1647
1627 1581 1647
1582 1612 1590
1612 1582 1597
1746 1740 1583
1729 1584 1591
1729 1722 1584
1601 2598 1585
2598 1683 1585
1585 1683 2872
2577 1585 2872
1662 1599 1586
1653 1662 1586
1587 1681 2473
2776 1681 1587
1587 2473 2768
2768 2671 1587
2671 2776 1587
1594 1654 1588
1654 1617 1588
1595 1655 1589
1649 1603 1589
1655 1649 1589
1610 1590 1612
1729 1591 1743
1672 1673 1592
1592 1673 2952
1668 1593 2478
1668 2958 1593
1593 2958 2464
2759 1593 2473
2759 2478 1593
1594 1610 1654
1668 1655 1595
1668 1595 2958
2975 1595 2703
2958 1595 2975
1642 1596 1730
1730 1596 1664
1609 1616 1597
1624 1612 1597
1616 1624 1597
1605 2908 1598
1598 1671 1609
1675 1671 1598
1598 2908 1675
1599 1662 1656
1787 1641 1600
1712 1787 1600
1706 1601 1627
1601 1706 2598
1697 1632 1602
2470 1602 1632
1649 1623 1603
1605 1604 3074
3074 1604 1651
2908 1605 1645
3074 1645 1605
1792 1685 1606
1606 1745 1762
1762 1792 1606
1741 1611 1607
1615 1759 1607
1783 1741 1607
1759 1783 1607
2748 1629 1608
1684 2748 1608
1663 1616 1609
1671 1663 1609
1612 1624 1610
1624 1659 1610
1654 1610 2722
2722 1610 1659
1741 1737 1611
1613 1716 1628
1739 1613 1650
1716 1613 1739
1754 1634 1614
1784 1754 1614
1690 1759 1615
1622 1616 1663
1616 1622 2695
1616 2695 1624
1643 1617 1654
1622 1637 1618
1660 1622 1618
1637 1667 1618
1667 1660 1618
1806 1639 1619
1806 1619 1661
1620 1643 1666
2995 1620 1666
1621 1707 1647
1621 2811 1707
2811 1621 2952
1621 3091 2952
1637 1622 1682
2695 1622 1660
1622 1663 1715
1682 1622 1715
1732 1625 1623
1623 1649 1727
1728 1623 1727
1728 1732 1623
1624 1687 1659
1660 1687 1624
1624 2695 1660
1761 1672 1625
1732 1761 1625
1722 1720 1626
1627 1647 1726
2526 1706 1627
1726 2526 1627
1711 1636 1628
1716 1711 1628
1764 1678 1629
1764 1629 2748
1630 1736 2614
2891 1736 1630
1630 2614 2471
1717 2742 1631
1631 1752 2477
1631 2742 1752
1697 2645 1632
1753 2629 1632
2645 1753 1632
1646 2977 1633
2977 1657 1633
1780 1658 1634
1780 1634 1754
1758 1677 1635
1724 1758 1635
1653 1636 1714
1714 1636 1711
1682 1667 1637
1638 1642 1748
1789 1710 1638
1748 1770 1638
1638 1770 1789
1680 1639 1798
1797 1798 1639
1806 1797 1639
1648 1640 1763
1760 1763 1640
1760 1640 2629
1787 1875 1641
1641 1875 1808
1808 2474 1641
1642 1730 1748
1654 2503 1643
1643 2503 1666
1842 1644 1658
1644 1842 1664
2833 1645 1700
2919 1700 1645
2919 1645 2733
2733 1645 3074
2833 2908 1645
2434 1699 1646
1699 2977 1646
2433 2434 1646
2872 2433 1646
1707 1726 1647
1670 1648 1765
1763 1765 1648
1655 1725 1649
1727 1649 1725
1769 1650 1674
1769 1739 1650
1651 1666 1665
2733 1651 1665
1651 2995 1666
3074 1651 2733
1756 1679 1652
1771 1652 1740
1771 1756 1652
1653 1719 1662
1714 1719 1653
2503 1654 2722
1668 1731 1655
1655 1731 1725
1662 1719 1656
1719 1733 1656
1656 1733 2891
2472 1669 1657
1657 1699 2472
1699 1657 2977
1658 1780 1842
1665 1676 1659
1694 1665 1659
2722 1659 1676
1687 1694 1659
1667 1687 1660
1688 1816 1661
1816 1806 1661
1671 1675 1663
1663 1675 1715
1664 1849 1730
1842 1849 1664
1665 1666 1676
1694 1702 1665
1702 2435 1665
2919 1665 2435
1665 2919 2733
1676 1666 2503
1682 3113 1667
1718 1687 1667
3113 1718 1667
1731 1668 2478
1698 1695 1669
2472 1698 1669
1765 2719 1670
2671 1670 2776
1670 2719 2776
1673 1672 1813
1672 1761 1813
1813 2649 1673
1673 2649 2480
1673 2480 2811
1673 2811 2952
1691 1779 1674
1779 1769 1674
1675 2833 1715
2908 2833 1675
2503 2722 1676
1788 1686 1677
1781 1677 1758
1781 1788 1677
1764 1705 1678
1777 1724 1679
1756 1777 1679
1798 1802 1680
1802 2475 1680
2475 2988 1680
1681 2759 2473
2759 1681 3062
2776 3010 1681
3010 3062 1681
3113 1682 1715
1734 1698 1683
1683 1698 2433
1734 1683 1799
2598 1799 1683
1683 2433 2872
1744 1772 1684
1684 1772 2748
1837 1713 1685
1837 1685 1792
1788 1689 1686
1694 1687 1718
1701 1823 1688
1828 1816 1688
1823 1828 1688
1800 1692 1689
1788 1800 1689
1690 1881 1759
1767 1881 1690
1695 1779 1691
1692 1800 1696
1749 1873 1693
1852 1784 1693
1693 1784 2595
1873 1852 1693
1702 1694 1718
1695 1698 2436
1776 1795 1695
1776 1695 2479
1779 1695 1795
2479 1695 2436
1812 1704 1696
1800 1812 1696
1752 1790 1697
1697 2477 1752
1790 2645 1697
1698 1734 2436
2433 1698 2434
1698 2436 2434
1698 2472 2436
2436 1699 2434
2436 2472 1699
1700 1723 1715
2833 1700 1715
1723 1700 2435
2919 2435 1700
1701 1704 1812
1812 1823 1701
1718 2435 1702
1708 1703 1821
1793 1703 1720
1793 1821 1703
1824 1757 1705
1764 1824 1705
1817 2598 1706
1817 1706 2702
2702 1706 2526
3029 1726 1707
2811 2480 1707
2480 3029 1707
1827 1721 1708
1708 1821 1827
1734 1751 1709
1734 1709 2436
1751 1750 1709
1709 1750 2436
1710 1818 1712
1789 1818 1710
1773 1714 1711
1716 1794 1711
1711 1794 1773
1826 1787 1712
1818 1826 1712
1868 1738 1713
1868 1713 1837
1719 1714 1778
1778 1714 1773
1723 3113 1715
1794 1716 1739
1801 1717 2475
1801 2742 1717
1718 1723 2435
1723 1718 3113
1719 1807 1733
1778 3007 1719
1807 1719 3007
1722 1793 1720
1745 1721 1833
1827 1833 1721
1729 1848 1722
1793 1722 1839
1848 1839 1722
1840 1758 1724
1777 1809 1724
1809 1840 1724
1786 1727 1725
1731 1768 1725
1768 1774 1725
1774 1786 1725
2702 1726 1933
3076 1933 1726
2702 2526 1726
3076 1726 3029
2773 1728 1727
1786 1803 1727
1803 2773 1727
1732 1728 2773
1729 1743 1856
1856 1848 1729
1814 1748 1730
1730 1888 1814
1849 1888 1730
1805 1731 1755
1731 2478 1755
1768 1731 1805
1811 1761 1732
2773 1811 1732
1820 1736 1733
2891 1733 1736
1733 1807 1820
1775 1751 1734
1734 1799 1775
1757 1854 1735
1900 1767 1735
1854 1900 1735
1742 1736 2420
1742 2614 1736
1736 1820 2420
1741 1851 1737
1834 1746 1737
1851 1834 1737
1885 1747 1738
1868 1884 1738
1884 1885 1738
1769 1825 1739
1825 1794 1739
1746 1834 1740
1829 1771 1740
1834 1829 1740
1783 1851 1741
1857 1743 1742
1742 2420 1857
1856 1743 1857
1772 1744 1832
1832 1744 1796
1745 1858 1762
1833 1858 1745
1885 1749 1747
1830 1770 1748
1814 1830 1748
1885 1873 1749
1751 1782 1750
1782 1776 1750
1750 1776 2479
1750 2479 2436
1775 1785 1751
1785 1782 1751
1790 1752 2904
2742 1819 1752
1752 1819 2904
2675 1846 1753
1846 2922 1753
2922 2629 1753
2645 2675 1753
1906 1780 1754
1955 1754 1784
1955 1906 1754
2481 1805 1755
1755 2478 2759
1755 3062 2481
1755 2759 3062
1891 1756 1771
1838 1777 1756
1831 1838 1756
1891 1831 1756
1824 1854 1757
1874 1781 1758
1840 1874 1758
2599 1783 1759
2599 1759 1881
1763 1760 1869
1869 1760 1863
1863 1760 2922
1760 2629 2922
1861 1761 1811
1761 1853 1813
1853 1761 1861
1918 1792 1762
1858 1918 1762
1765 1763 2437
1869 2437 1763
1772 1835 1764
2748 1772 1764
1835 1824 1764
2719 1765 2437
1766 1923 1796
1923 1766 1808
1808 1766 2474
1881 1767 2045
2045 1767 1900
1774 1768 1844
1768 1805 1815
1815 1871 1768
1768 1871 1844
1779 1910 1769
1904 1825 1769
1904 1769 1910
1895 1789 1770
1830 1895 1770
1829 1891 1771
1942 1772 1832
1835 1772 1920
1772 1958 1920
1958 1772 1942
1836 1778 1773
1794 1841 1773
1773 1841 1836
1774 1844 1786
1804 1785 1775
1799 1791 1775
2927 1775 1791
1804 1775 2927
1782 1804 1776
1791 1795 1776
1776 2927 1791
1776 1804 2927
1877 1809 1777
1838 1877 1777
2636 1778 1836
2636 3007 1778
1795 1882 1779
1882 1910 1779
1780 1901 1842
1906 1901 1780
1874 1788 1781
1785 1804 1782
2068 1851 1783
2068 1783 2599
1852 1955 1784
1843 1803 1786
1786 2548 1843
1786 1844 2548
1826 1945 1787
1945 1875 1787
1879 1800 1788
1874 1879 1788
1895 1818 1789
1850 2651 1790
1790 2904 1850
1790 2675 2645
1790 2651 2675
2680 1795 1791
1791 1799 2791
2903 2680 1791
1791 2791 2924
2903 1791 2924
2693 1837 1792
1918 2693 1792
1821 1793 1872
1872 1793 1839
1794 1825 1907
1841 1794 1893
1893 1794 1907
1882 1795 1859
2680 1859 1795
1832 1796 1916
1923 1916 1796
1934 1798 1797
1797 1806 1934
1917 1802 1798
1934 1917 1798
1883 1860 1799
1799 1860 2761
2601 1883 1799
2598 2601 1799
1799 2761 2791
1886 1812 1800
1879 1886 1800
1899 1801 1802
1802 1801 2475
1801 1870 1819
1801 1819 2742
1899 1870 1801
1917 1899 1802
1811 1803 1843
1803 1811 2773
1815 1805 1866
1805 1865 1866
2848 1865 1805
2481 2848 1805
1968 1806 1816
1934 1806 1968
1820 1807 1897
3007 1897 1807
1875 2809 1808
1808 2809 1923
1915 1840 1809
1877 1915 1809
1855 1822 1810
1822 2903 1810
1845 1855 1810
2556 1845 1810
2924 2556 1810
2903 2924 1810
1811 1843 1861
1823 1812 1890
1886 1890 1812
1853 1919 1813
1919 2649 1813
1888 1830 1814
1871 1815 1866
1828 1968 1816
1817 1957 1883
1817 1883 2601
1817 2702 1957
2598 1817 2601
1898 1826 1818
1895 1898 1818
1870 1941 1819
1903 1819 1941
1903 2904 1819
1820 1944 1857
2420 1820 1857
2543 1820 1897
1944 1820 2543
1827 1821 2482
1872 2482 1821
1859 1822 1855
1822 1859 2680
2680 2903 1822
1828 1823 1962
1962 1823 1890
1896 1824 1835
1896 1854 1824
1825 1904 1907
1898 1985 1826
1985 1945 1826
1833 1827 1911
1911 1827 1887
1827 2482 1887
1828 1962 1968
1921 1829 1834
1948 1891 1829
1921 1948 1829
1830 1888 1973
1973 1895 1830
1912 1838 1831
1891 1976 1831
1976 1912 1831
1916 1942 1832
1833 1911 1858
1851 1938 1834
1921 1834 1938
1896 1835 1920
1836 1841 1862
1836 1862 1867
2636 1836 1867
1956 1868 1837
1956 1837 2693
1913 1877 1838
1912 1913 1838
1848 1940 1839
1940 1872 1839
1960 1874 1840
1915 1960 1840
1862 1841 1880
1894 1880 1841
1893 1894 1841
1842 1925 1849
1925 1842 1901
1843 1905 1861
2548 1905 1843
1871 1876 1844
1876 2801 1844
2548 1844 2801
1855 1845 1878
2536 1878 1845
2761 2536 1845
2761 1845 2556
1863 1846 1950
1863 2922 1846
1950 1846 1922
2651 1922 1846
2675 2651 1846
2560 1847 1914
1847 2572 1914
2560 2774 1847
2572 1847 3010
1847 2774 3062
1847 3062 3010
1981 1848 1856
1848 1963 1940
1963 1848 1981
1929 1888 1849
1925 1929 1849
1903 1924 1850
1903 1850 2904
1924 2651 1850
2049 1938 1851
2033 2049 1851
2033 1851 2068
1989 1852 1873
1980 1955 1852
1980 1852 1989
1861 1905 1853
1905 1919 1853
1979 1854 1896
1900 1854 1979
1878 1859 1855
1857 1981 1856
1944 1981 1857
1911 1927 1858
1918 1858 1972
1927 1972 1858
2646 1859 1878
2483 1882 1859
1859 2646 2483
1883 2564 1860
1860 2646 2536
2761 1860 2536
2564 2646 1860
1866 1867 1862
1862 1880 1866
1954 1869 1863
1950 1954 1863
2481 2774 1864
2848 2481 1864
2560 1864 2774
2560 3034 1864
1864 2567 2848
1864 3034 2567
1865 1867 1866
1867 1865 2593
1865 2567 2593
2567 1865 2848
1866 1880 1871
2593 2636 1867
1868 2002 1884
1956 2002 1868
2437 1869 1954
1943 1870 1899
1943 1941 1870
1880 1876 1871
1872 1940 1926
2482 1872 1926
1885 2009 1873
1998 1989 1873
1998 1873 2009
1874 1959 1879
1960 1959 1874
1945 2816 1875
2484 2809 1875
2816 2484 1875
1876 1880 1894
2801 1876 1894
1913 1965 1877
1965 1915 1877
2536 2646 1878
1959 1886 1879
2066 1881 2045
2066 2599 1881
1967 1910 1882
1882 3116 1967
2483 2847 1882
1882 2847 3116
1902 1889 1883
1883 1889 2564
1932 1902 1883
1966 1932 1883
2870 1883 1957
2870 1966 1883
2015 1885 1884
2002 2015 1884
2015 2009 1885
1947 1890 1886
1959 1947 1886
1911 1887 1946
1926 1930 1887
1926 1887 2482
1930 1946 1887
1951 1888 1929
1973 1888 1951
1902 2552 1889
1889 2552 2564
1947 2019 1890
1890 2019 1962
1948 1976 1891
1908 1935 1892
1908 1892 2552
1892 1935 2553
1892 2575 2552
2553 2575 1892
1893 1931 1894
1907 1969 1893
1969 1931 1893
1894 1931 1937
2801 1894 1937
1895 1936 1898
1973 1936 1895
2029 1896 1920
1979 1896 2029
2543 1897 1928
1897 2593 1928
2593 1897 2636
1897 3007 2636
1936 1985 1898
1917 1983 1899
1899 1983 1943
1979 2069 1900
2045 1900 2069
1906 1982 1901
1970 1925 1901
1982 1970 1901
1902 1932 1908
1902 1908 2552
1924 1903 1952
1903 1941 1952
1907 1904 1994
1910 2024 1904
2024 1994 1904
2801 1919 1905
1905 2548 2801
2040 1906 1955
2040 1982 1906
1969 1907 1994
1932 1935 1908
1919 1909 2649
1919 3022 1909
3022 1986 1909
1986 3076 1909
2649 1909 2480
1909 3029 2480
1909 3076 3029
1910 1967 2024
1949 1927 1911
1946 1949 1911
1977 1913 1912
2007 1912 1976
2007 1977 1912
1978 1965 1913
1977 1978 1913
2560 1914 2851
1914 2572 2779
2631 1914 2779
2851 1914 2631
1915 2023 1960
1965 1975 1915
1975 1984 1915
1984 2023 1915
1923 2038 1916
2046 1942 1916
2038 2046 1916
1917 1934 1999
1999 1983 1917
2647 1956 1918
1918 1956 2693
1972 2647 1918
1937 1919 2801
1937 3022 1919
1958 2034 1920
2034 2029 1920
2052 1921 1938
2065 1948 1921
2052 2065 1921
1993 1950 1922
1964 1993 1922
2685 1964 1922
2685 1922 2651
2050 2038 1923
2809 2050 1923
1952 1961 1924
1961 1964 1924
1924 1964 2685
1924 2685 2651
1990 1929 1925
1970 1992 1925
1992 1990 1925
1930 1926 1961
1940 1974 1926
1974 1961 1926
1949 1953 1927
1953 1972 1927
2948 2543 1928
2593 2567 1928
2567 3034 1928
2948 1928 2851
3034 2851 1928
1951 1929 2011
1990 1987 1929
1987 2011 1929
1930 1952 1946
1930 1961 1952
1937 1931 2973
1969 2006 1931
2006 2973 1931
1932 2865 1935
1966 1971 1932
1932 1971 2865
2018 1957 1933
1957 2702 1933
1986 2772 1933
1986 1933 3076
2018 1933 2772
1934 1968 2059
1999 1934 2059
1935 2847 2553
2847 1935 3116
1935 2865 3116
1973 1991 1936
1985 1936 1991
1937 2973 3022
2049 2052 1938
1954 2013 1939
2437 1954 1939
1939 2013 1995
2779 1939 1995
2437 1939 2779
1963 2000 1940
1974 1940 2000
1953 1941 1943
1946 1941 1949
1946 1952 1941
1941 1953 1949
2035 1958 1942
2046 2035 1942
2001 1953 1943
1943 1983 2001
2020 1981 1944
1996 2020 1944
1996 1944 2948
2948 1944 2543
1985 2816 1945
1959 2004 1947
1947 2004 2019
1976 1948 2060
2065 2060 1948
1954 1950 2010
1993 2010 1950
2027 1973 1951
2027 1951 2011
1972 1953 2001
2010 2013 1954
1980 2056 1955
2056 2040 1955
2032 2002 1956
2647 2032 1956
2018 2870 1957
2034 1958 2035
1960 2023 1959
1959 2596 2004
2023 2596 1959
1974 1964 1961
1962 2059 1968
2019 2073 1962
2073 2059 1962
1963 1981 2021
2000 1963 2021
1974 2000 1964
1964 2000 1993
2028 1975 1965
1978 2017 1965
2017 2028 1965
1966 1988 1971
1997 1988 1966
2870 1997 1966
1971 1988 1967
3116 1971 1967
1988 3092 1967
3092 2024 1967
1994 2006 1969
2022 1970 1982
2014 1992 1970
2022 2014 1970
2865 1971 3116
2001 2647 1972
2031 1991 1973
2031 1973 2027
2016 1984 1975
2028 2016 1975
2071 2007 1976
2071 1976 2060
2005 1978 1977
2041 2005 1977
2041 1977 2007
2005 2003 1978
1978 2003 2017
2029 2090 1979
2069 1979 2090
2064 1980 1989
2056 1980 2064
2020 2021 1981
2057 2022 1982
2040 2057 1982
1983 1999 2067
2001 1983 2424
2424 1983 2067
2016 2026 1984
2053 2023 1984
2026 2053 1984
1991 2039 1985
2062 1985 2039
2062 2816 1985
2006 2772 1986
1986 2973 2006
2973 1986 3022
2008 1987 1990
2008 2012 1987
2012 2011 1987
1997 2025 1988
2025 3092 1988
1998 2074 1989
2074 2064 1989
1992 2036 1990
2036 2008 1990
2048 1991 2031
1991 2048 2039
2036 1992 2014
2010 1993 2000
1994 2047 2006
2024 2047 1994
1996 1995 2020
1995 1996 2631
2013 2020 1995
2631 2779 1995
2631 1996 2948
2870 2025 1997
2009 2077 1998
2074 1998 2077
1999 2059 2067
2021 2010 2000
2032 2001 2424
2001 2032 2647
2002 2075 2015
2058 2002 2032
2058 2075 2002
2005 2012 2003
2012 2008 2003
2008 2043 2003
2043 2017 2003
2051 2019 2004
2596 2051 2004
2044 2012 2005
2044 2005 2041
2006 2047 2772
2007 2076 2041
2071 2076 2007
2043 2008 2036
2015 2077 2009
2013 2010 2021
2012 2044 2011
2011 2044 2027
2021 2020 2013
2022 2037 2014
2037 2030 2014
2030 2042 2014
2014 2042 2036
2075 2077 2015
2030 2026 2016
2028 2042 2016
2016 2042 2030
2043 2028 2017
2047 2018 2772
2047 2870 2018
2051 2073 2019
2070 2037 2022
2057 2070 2022
2053 2055 2023
2055 2596 2023
2024 2025 2047
2024 3092 2025
2025 2870 2047
2030 2037 2026
2053 2026 2037
2061 2031 2027
2044 2061 2027
2043 2042 2028
2034 2094 2029
2090 2029 2094
2048 2031 2061
2067 2058 2032
2032 2424 2067
2084 2049 2033
2082 2033 2068
2082 2084 2033
2085 2034 2035
2085 2094 2034
2046 2080 2035
2080 2085 2035
2042 2043 2036
2070 2053 2037
2105 2046 2038
2050 2105 2038
2048 2063 2039
2039 2086 2062
2086 2039 2063
2081 2040 2056
2040 2072 2057
2081 2072 2040
2076 2044 2041
2044 2078 2061
2076 2078 2044
2045 2918 2066
2125 2045 2069
2125 2918 2045
2111 2080 2046
2111 2046 2105
2061 2089 2048
2720 2063 2048
2089 2720 2048
2052 2049 2985
2084 2985 2049
2095 2105 2050
2484 2095 2050
2050 2809 2484
2055 2083 2051
2596 2055 2051
2083 2073 2051
2985 2065 2052
2079 2055 2053
2079 2053 2070
2086 2054 2062
2054 2816 2062
2086 2100 2054
2095 2484 2054
2054 2820 2095
2054 2100 2820
2816 2054 2484
2055 2079 2083
2064 2093 2056
2093 2081 2056
2072 2070 2057
2067 2075 2058
2067 2059 2087
2073 2087 2059
2088 2060 2065
2088 2071 2060
2078 2089 2061
2098 2086 2063
2063 2489 2098
2576 2489 2063
2720 2576 2063
2093 2064 2074
2088 2065 2099
2099 2065 2985
2066 2068 2599
2918 2068 2066
2087 2075 2067
2104 2082 2068
2104 2068 2918
2090 2120 2069
2120 2133 2069
2125 2069 2133
2072 2079 2070
2091 2076 2071
2091 2071 2088
2081 2079 2072
2083 2092 2073
2092 2087 2073
2077 2093 2074
2087 2077 2075
2078 2076 2091
2087 2092 2077
2092 2093 2077
2091 2089 2078
2081 2093 2079
2093 2083 2079
2117 2085 2080
2111 2117 2080
2734 2084 2082
2096 2082 2104
2096 2734 2082
2093 2092 2083
2097 2084 2734
2084 2097 2985
2094 2085 2117
2086 2098 2100
2091 2088 2099
2103 2089 2091
2089 2103 3025
2089 2576 2720
2089 3025 2576
2094 2120 2090
2940 2091 2099
2103 2091 2940
2132 2094 2117
2132 2120 2094
2129 2105 2095
2116 2129 2095
2820 2116 2095
2104 2112 2096
3051 2096 2112
2734 2096 3051
2097 2101 2985
2101 2097 3109
2121 2097 2122
2097 2121 3109
3051 2122 2097
2734 3051 2097
2098 2107 2100
2106 2102 2098
2102 2107 2098
2106 2098 2707
2098 2489 2707
2099 2101 2940
2985 2101 2099
2100 2107 2880
2820 2100 2880
2110 2108 2101
2940 2101 2108
2109 2110 2101
3109 2109 2101
2102 2106 2659
2115 2107 2102
2659 2115 2102
2940 2821 2103
2821 3025 2103
2112 2104 2724
2104 2127 2724
2104 2918 2127
2135 2111 2105
2105 2129 2135
2106 2723 2114
2114 3041 2106
3041 2659 2106
2106 2707 2723
2115 2812 2107
2812 2880 2107
2612 2108 2110
2624 2108 2612
2108 2624 2821
2108 2821 2940
2113 2110 2109
2704 2113 2109
2118 2704 2109
2118 2109 3109
2113 2875 2110
2875 2612 2110
2140 2117 2111
2135 2140 2111
2112 2724 2122
2112 2122 3051
2124 2123 2113
2123 2128 2113
2704 2124 2113
2113 2128 2875
2126 2114 2119
2119 2114 3112
2126 2130 2114
2130 3041 2114
2723 3112 2114
2131 2812 2115
2115 3041 2131
3041 2115 2659
2129 2116 2640
2640 2116 2131
2131 2116 2812
2812 2116 2880
2820 2880 2116
2132 2117 2140
2121 2137 2118
2121 2118 3109
2118 2137 2134
2134 3121 2118
2118 3121 2704
2128 2126 2119
2128 2119 2875
2119 2612 2875
2119 3112 2612
2138 2120 2132
2138 2133 2120
2486 2121 2122
2486 2137 2121
2558 2486 2122
2122 2537 2558
2122 2724 2537
3008 2123 2124
2136 2128 2123
2146 2136 2123
2146 2123 3008
2487 3008 2124
3121 2487 2124
3121 2124 2704
2157 2127 2125
2127 2918 2125
2133 2144 2125
2125 2144 2157
2128 2152 2126
2145 2130 2126
2145 2126 2152
2490 2127 2157
2490 2724 2127
2488 2128 2136
2152 2128 2488
2135 2129 2574
2574 2129 2640
2964 2141 2130
3041 2130 2141
2145 2964 2130
2141 2150 2131
2131 3041 2141
2150 2640 2131
2147 2138 2132
2140 2147 2132
2144 2133 2138
2137 2149 2134
2134 2143 2142
2134 2142 3121
2149 2143 2134
2140 2135 2151
2151 2135 2574
2158 2136 2146
2158 2488 2136
2486 2139 2137
2139 3067 2137
2149 2137 3067
2144 2138 2148
2138 2147 2148
2537 2154 2139
2739 2139 2154
2486 2558 2139
2558 2537 2139
3067 2139 2739
2140 2151 2147
3021 2150 2141
3021 2141 2964
3023 2142 2143
2142 2153 2487
3023 2153 2142
2142 2487 3121
2149 2174 2143
2143 2174 2168
2168 3023 2143
2148 2161 2144
2157 2144 2165
2165 2144 2161
2668 2145 2152
2145 2668 2156
2145 2156 2964
2487 2153 2146
3002 2146 2153
3002 2158 2146
2487 2146 3008
2159 2148 2147
2151 2159 2147
2148 2159 2161
2174 2149 2167
3067 2167 2149
2155 2150 2169
2640 2150 2155
2160 2169 2150
3021 2160 2150
2155 2164 2151
2155 2151 2574
2164 2159 2151
2170 2668 2152
2715 2170 2152
2488 2715 2152
3052 3002 2153
3023 3046 2153
2153 3046 3052
2165 2154 2157
2154 2490 2157
2165 2163 2154
2154 2163 2739
2154 2537 2490
2164 2155 2169
2155 2574 2640
2156 2160 3021
3122 2160 2156
2778 2156 2668
2778 2749 2156
2156 2749 3122
2156 3021 2964
2158 2162 2488
2580 2162 2158
2166 2580 2158
2166 2158 3002
2161 2159 2172
2164 2172 2159
2169 2160 3122
2165 2161 2176
2172 2176 2161
2162 2715 2488
2580 2928 2162
2162 2901 2715
2928 2901 2162
2165 2176 2163
2163 2177 2167
2739 2163 2167
2176 2179 2163
2163 2179 2177
2164 2169 2941
2172 2164 2941
2173 2178 2166
3052 2173 2166
2166 2178 2580
2166 3002 3052
2174 2167 2785
2177 2785 2167
2167 3067 2739
2168 2174 2184
2184 3046 2168
3046 3023 2168
2190 2175 2169
2941 2169 2175
2190 2169 3122
2187 2185 2170
2491 2170 2185
2901 2187 2170
2491 2778 2170
2170 2778 2668
2901 2170 2715
2178 2181 2171
2178 2171 2580
2181 2182 2171
2171 2182 2928
2171 2928 2580
2192 2176 2172
2941 2192 2172
2180 2178 2173
3046 2180 2173
3046 2173 3052
2174 2493 2184
2174 2492 2493
2492 2174 2785
2175 2190 2198
2198 2192 2175
2941 2175 2192
2737 2179 2176
2737 2176 2192
2179 2653 2177
2177 2653 3039
2177 3039 2785
2180 2188 2178
2188 2181 2178
2653 2179 2737
2184 2193 2180
3046 2184 2180
2193 2188 2180
2181 2191 2182
2189 2181 2188
2189 2191 2181
2191 2186 2182
2182 2186 2901
2182 2901 2928
2183 2491 2185
2185 2676 2183
2183 2676 2190
3122 2183 2190
2491 2183 3122
2193 2184 2195
2196 2195 2184
2184 2493 2196
2207 2185 2187
2207 2205 2185
2185 2205 2676
2200 2187 2186
2186 2187 2901
2202 2186 2191
2186 2202 2200
2200 2207 2187
2197 2189 2188
2193 2197 2188
2191 2189 2201
2211 2189 2197
2189 2211 2201
2198 2190 2206
2676 2206 2190
2202 2191 2201
2192 2209 2194
2192 2194 2737
2209 2192 2198
2216 2193 2195
2216 2197 2193
2208 2203 2194
2653 2194 2203
2209 2208 2194
2194 2653 2737
2196 2204 2195
2204 2216 2195
2199 2212 2196
2199 2196 2493
2212 2204 2196
2218 2211 2197
2217 2197 2216
2217 2218 2197
2206 2213 2198
2213 2209 2198
2199 3039 2212
2199 2493 2492
3039 2199 2492
2210 2200 2202
2200 2215 2207
2225 2200 2210
2215 2200 2225
2214 2202 2201
2219 2201 2211
2219 2214 2201
2220 2210 2202
2214 2220 2202
2208 2777 2203
2212 2203 2777
2203 2212 3039
2653 2203 3039
2221 2204 2212
2216 2204 2222
2204 2221 2222
2213 2206 2205
2205 2206 2676
2207 2223 2205
2231 2213 2205
2223 2231 2205
2215 2223 2207
2224 2208 2209
2234 2208 2224
2234 2229 2208
2229 2777 2208
2213 2224 2209
2220 2226 2210
2226 2225 2210
2218 2227 2211
2227 2219 2211
2229 2221 2212
2229 2212 2777
2224 2213 2240
2213 2231 2240
2219 2744 2214
2786 2220 2214
2744 2786 2214
2838 2223 2215
2225 2838 2215
2216 2228 2217
2222 2228 2216
2218 2217 2230
2228 2230 2217
2235 2227 2218
2230 2235 2218
2996 2219 2227
2219 2232 2744
2232 2219 2996
2494 2226 2220
2786 2494 2220
2222 2221 2237
2229 2237 2221
2228 2222 2246
2222 2237 2246
2243 2231 2223
2838 2243 2223
2240 2234 2224
2239 2225 2226
2225 2245 2238
2238 2838 2225
2245 2225 2239
2239 2226 2252
2252 2226 2494
2527 2233 2227
2233 2996 2227
2227 2235 2527
2228 2241 2230
2246 2241 2228
2234 2242 2229
2229 2242 2237
2235 2230 2840
2241 2840 2230
2231 2804 2240
2243 2804 2231
2233 2677 2232
2232 2996 2233
2247 2236 2232
2232 2236 2744
2677 2247 2232
2233 2527 2257
2233 2257 2677
2234 2240 2244
2244 2242 2234
2235 2254 2251
2235 2251 2527
2254 2235 2840
2247 2248 2236
2248 2494 2236
2236 2494 2786
2744 2236 2786
2246 2237 2242
2243 2238 2663
2243 2838 2238
2663 2238 2245
2259 2245 2239
2259 2239 2252
2244 2240 2999
2240 2804 2999
2246 2765 2241
2840 2241 2765
2244 2250 2242
2250 2246 2242
2243 2495 2249
2243 2249 2804
2243 2663 2495
2255 2250 2244
2255 2244 2999
2259 2260 2245
2260 2663 2245
2246 2250 2262
2264 2246 2262
2246 2264 2765
2897 2248 2247
2256 2247 2677
2247 2256 3104
2897 2247 3104
2248 2266 2252
2248 2252 2494
2897 2266 2248
2781 2255 2249
2249 2255 2999
2495 2781 2249
2804 2249 2999
2255 2261 2250
2261 2262 2250
2251 2253 2527
2251 2528 2253
2254 2496 2251
2528 2251 2496
2266 2259 2252
2257 2253 2497
2527 2253 2257
2253 2528 2497
2258 2496 2254
2258 2254 2840
2261 2255 2790
2790 2255 2781
2257 2256 2677
3011 2256 2257
2573 2594 2256
2573 2256 3011
2594 3104 2256
3011 2257 2497
2264 2258 2765
2264 2770 2258
2258 2269 2496
2770 2269 2258
2765 2258 2840
2260 2259 2267
2266 2267 2259
2268 2260 2267
2268 2998 2260
2663 2260 2495
2998 2495 2260
2860 2262 2261
2261 2790 2860
2262 2270 2264
2270 2262 2860
2957 2263 2594
2594 2263 3104
2954 2658 2263
2658 3098 2263
3098 2897 2263
2897 3104 2263
3037 2954 2263
2957 3037 2263
2270 2770 2264
2781 2495 2265
2265 2495 2998
2718 2860 2265
2998 2718 2265
2265 2790 2781
2860 2790 2265
2900 2267 2266
2266 2897 3098
3098 2900 2266
2267 2787 2268
2275 2787 2267
2275 2267 2900
2268 2705 2718
2787 2705 2268
2268 2718 2998
2770 2276 2269
2276 2962 2269
2269 2278 2496
2962 2278 2269
2271 2627 2270
2271 2270 2860
2627 2770 2270
2627 2271 2602
2797 2602 2271
2705 2271 2718
2705 2797 2271
2718 2271 2860
2285 2277 2272
2277 2573 2272
2283 2285 2272
2283 2272 2497
2272 3011 2497
2573 3011 2272
2281 2274 2273
2273 2274 2957
2277 2280 2273
2277 2273 2573
2280 2281 2273
2273 3019 2573
2273 2957 3019
2274 2281 2279
2954 2274 2279
2274 2954 3037
2957 2274 3037
2275 2745 2843
2275 2850 2745
2787 2275 2843
2275 2900 2850
2627 2276 2770
3031 2276 2627
2276 2902 2962
2902 2276 3031
2288 2280 2277
2285 2288 2277
2282 2528 2278
2968 2282 2278
2290 2278 2962
2290 2968 2278
2278 2528 2496
2286 2279 2281
2279 2286 3089
3114 2954 2279
3089 3114 2279
2287 2281 2280
2289 2287 2280
2288 2289 2280
2284 2281 2287
2284 2293 2281
2293 2286 2281
2305 2283 2282
2282 2283 2497
2301 2305 2282
2968 2301 2282
2528 2282 2497
3068 2285 2283
2305 3068 2283
2284 2287 2292
2299 2284 2292
2293 2284 2845
2845 2284 2299
2285 2302 2288
2304 2302 2285
2304 2285 3068
2286 2300 2291
2291 3089 2286
2293 2300 2286
2289 2298 2287
2287 2297 2292
2287 2298 2297
2288 3016 2289
2306 2288 2302
2306 3016 2288
3016 2298 2289
2290 2295 2309
2295 2290 2902
2301 2290 2309
2290 2301 2968
2902 2290 2962
2300 2315 2291
2315 2688 2291
2688 2877 2291
2819 2291 2877
3089 2291 2819
2297 2303 2292
2299 2292 3100
3100 2292 2303
2293 2845 2300
2307 2498 2294
2307 2294 2877
2854 2294 2498
2294 2854 2819
2294 2819 2877
2295 2902 2296
2295 2296 3012
2295 3012 2309
2498 2307 2296
3012 2296 2307
2498 2296 3031
2296 2902 3031
2298 2313 2297
2313 2303 2297
2317 2313 2298
2317 2298 3016
2308 2299 2844
2845 2299 2308
2310 2844 2299
2299 3100 2310
2300 3028 2315
2845 2782 2300
2782 3028 2300
2318 2305 2301
2309 2318 2301
2304 2883 2302
2331 2306 2302
2329 2331 2302
2883 2329 2302
2321 2311 2303
3100 2303 2311
2313 2324 2303
2321 2303 2323
2324 2323 2303
2305 2318 2304
2305 2304 3068
2318 2689 2304
2689 2883 2304
2312 2306 2326
2306 2312 3016
2331 2326 2306
2771 2319 2307
3012 2307 2319
2877 2771 2307
2320 2308 2314
2308 2844 2314
2308 2320 2782
2845 2308 2782
2309 2316 2332
3012 2316 2309
2309 2332 2318
3006 2310 2311
2310 3100 2311
2310 2637 2314
2310 2314 2844
2637 2310 3006
3006 2311 2321
2326 2340 2312
2340 3079 2312
3079 3016 2312
2313 2317 2979
2979 2324 2313
2499 2320 2314
2637 2322 2314
2314 2322 2684
2314 2684 2499
2327 2771 2315
2327 2315 3028
2688 2315 2771
2319 2332 2316
2319 2316 3012
2979 2317 3043
2317 3016 3079
2317 3079 3043
2605 2318 2332
2605 2689 2318
2335 2332 2319
2335 2319 2771
2333 2325 2320
2782 2320 2325
2333 2320 2982
2982 2320 2499
2321 2323 2328
2328 3097 2321
3097 3006 2321
2330 2334 2322
2330 2322 3006
2334 2336 2322
2336 2684 2322
3006 2322 2637
2324 2343 2323
2338 2328 2323
2343 2338 2323
2324 2339 2343
2339 2324 2979
2333 2337 2325
2337 2346 2325
2325 2346 3028
2782 2325 3028
2331 2808 2326
2342 2340 2326
2348 2342 2326
2354 2348 2326
2359 2354 2326
2359 2326 2808
2367 2335 2327
2327 2335 2771
2346 2367 2327
2327 3028 2346
2337 2333 2328
2333 3066 2328
2337 2328 2338
3066 3097 2328
2609 2331 2329
2345 2609 2329
2345 2329 2689
2689 2329 2883
2330 2358 2334
2341 2358 2330
3006 2341 2330
2817 2331 2609
2808 2331 2817
2335 2605 2332
2982 2347 2333
2347 3096 2333
2333 3096 3066
2358 2336 2334
2335 2367 2716
2605 2335 2716
2353 2347 2336
2347 2499 2336
2358 2353 2336
2336 2499 2684
2338 2360 2337
2360 2346 2337
2343 2371 2338
2371 2360 2338
2660 2343 2339
2344 2351 2339
2344 2339 2979
2351 2660 2339
2342 2356 2340
2340 2357 2344
2340 2344 3043
2356 2357 2340
3079 2340 3043
2355 2358 2341
2355 2341 3066
3006 3097 2341
3066 2341 3097
2348 2349 2342
2349 2356 2342
2371 2343 2660
2362 2351 2344
2357 2363 2344
2362 2344 2363
3043 2344 2979
2350 2352 2345
2345 2689 2350
2597 2345 2352
2345 2597 2609
2360 2367 2346
2353 2355 2347
2347 2355 3096
2347 2982 2499
2349 2348 2500
2858 2348 2354
2500 2348 2873
2348 2858 2873
2349 2352 2366
2352 2349 2501
2356 2349 2366
2349 2500 2501
2373 2352 2350
2368 2373 2350
2350 2605 2368
2350 2689 2605
2361 2351 2608
2361 2660 2351
2362 2365 2351
2365 2608 2351
2352 2373 2366
2352 2501 2597
2355 2353 2358
3033 2354 2359
2729 2858 2354
2729 2354 3033
3096 2355 3066
2382 2357 2356
2899 2356 2366
2893 2382 2356
2899 2893 2356
2363 2357 2370
2370 2357 2375
2357 2794 2375
2382 2386 2357
2386 2794 2357
2359 2808 2364
2364 2910 2359
2910 3033 2359
2389 2367 2360
2384 2360 2371
2384 2389 2360
2608 2950 2361
2981 2660 2361
2937 2750 2361
2750 2981 2361
2950 2937 2361
2951 2362 2363
2365 2362 2372
2362 2951 2372
2370 2814 2363
2814 3119 2363
3119 2951 2363
2364 2597 2369
2369 2910 2364
2597 2364 2609
2364 2817 2609
2808 2817 2364
2365 2372 2379
2882 2365 2379
2394 2608 2365
2882 2394 2365
2366 2373 2899
2367 2389 2376
2367 2376 2716
2373 2368 2383
2368 2376 2390
2368 2716 2376
2368 2390 2383
2716 2368 2605
2369 2906 2374
2374 3035 2369
2501 2369 2597
2369 2501 2906
2369 3035 2910
2381 2370 2375
2370 2381 3095
2370 3095 2814
2981 2384 2371
2371 2660 2981
2379 2372 2388
2387 2388 2372
2372 2691 2387
2372 2799 2691
2951 2799 2372
2373 2383 2378
2373 2378 3000
2373 3000 2899
2738 2374 2858
2738 3035 2374
2873 2858 2374
2906 2873 2374
2378 2381 2375
3071 2378 2375
2794 3071 2375
2376 2389 2387
2390 2376 2387
2377 2380 2391
2380 2377 3033
2391 2738 2377
2377 2858 2729
2377 2729 3033
2377 2738 2858
2381 2378 2383
3000 2378 3071
2388 2529 2379
2529 2882 2379
2392 2391 2380
2970 2392 2380
2380 2910 2970
2910 2380 3033
2383 3095 2381
2881 2386 2382
2758 2881 2382
2893 2758 2382
2390 3095 2383
3053 2389 2384
2384 2981 2769
3053 2384 2769
2394 2385 2608
2385 2394 3083
2385 2403 2401
2385 2401 2717
2385 3083 2403
2608 2385 2950
2385 2717 2937
2385 2937 2950
2386 3057 2794
3077 2386 2881
2386 3077 3057
2389 2388 2387
2886 2390 2387
2691 2886 2387
2389 3053 2388
2388 3053 2529
2886 3095 2390
2391 2392 2970
2738 2391 2970
2395 2504 2393
2393 2699 2395
2438 2400 2393
2400 2799 2393
2504 2438 2393
2393 2951 2699
2799 2951 2393
2399 2394 2882
3083 2394 2399
2502 2398 2395
2398 3042 2395
2502 2395 3119
3042 2504 2395
2395 2699 3119
2396 2755 2758
2396 2942 2755
2396 2758 2893
3057 2396 2794
2396 3071 2794
2893 3000 2396
2942 2396 2987
2987 2396 3057
3000 3071 2396
2397 2402 2769
2864 2402 2397
2750 2717 2397
2717 2841 2397
2397 2939 2750
2769 2939 2397
2841 2963 2397
2963 2864 2397
2591 2398 2502
2591 2701 2398
2701 2683 2398
2683 3042 2398
2406 2411 2399
2826 2406 2399
2411 3083 2399
2529 2826 2399
2529 2399 2882
2400 2404 2691
2879 2404 2400
2400 2438 2915
2799 2400 2691
2915 2879 2400
2412 2401 2403
2401 2412 3036
2717 2401 2841
2401 3036 2841
2826 2529 2402
3053 2402 2529
3053 2769 2402
2402 2864 2826
2411 2415 2403
3083 2411 2403
2415 2412 2403
2879 2591 2404
2591 3095 2404
2691 2404 2886
2404 3095 2886
2413 2407 2405
2405 2407 2898
2408 2414 2405
2408 2405 2898
2414 2413 2405
2411 2406 2955
2406 2826 2864
2864 2955 2406
2413 2947 2407
2898 2407 3077
2407 2947 3057
3077 2407 3057
2942 2414 2408
2755 2408 2898
2942 2408 2755
2409 2417 2410
2409 2410 2923
2416 2417 2409
2683 2416 2409
2683 2409 3042
2409 2923 3042
2410 2417 2505
2505 3069 2410
3069 2923 2410
2415 2411 2955
2412 2415 2955
2412 2955 3036
2414 2947 2413
2414 2942 2947
2416 2419 2417
2419 2416 2418
2418 2416 2683
2417 2419 2505
2419 2418 2966
2966 2418 2683
2505 2419 2766
2419 2966 2766
3093 2421 2506
2953 2421 2763
3088 2422 2507
2990 2423 3063
2856 2425 2427
2425 2856 2944
2967 2961 2428
2430 2579 2884
2632 2430 2884
2466 2431 2534
2540 2431 2466
2549 2431 2540
2549 2551 2431
2551 2708 2431
2572 2719 2437
2779 2572 2437
2438 2504 3069
2915 2438 3107
3107 2438 3069
2953 2763 2440
2945 2442 2509
3103 3030 2443
3073 3103 2443
2513 2515 2445
2446 3123 2890
2532 2451 2516
2451 2726 2516
2453 2818 2518
2934 2521 2457
2888 2458 2459
2464 2975 2703
2958 2975 2464
2867 2540 2466
2468 2578 2535
2485 2687 2469
2469 2780 2485
2469 2687 2561
2859 2469 2561
2469 2767 2780
2859 2767 2469
2925 2476 2666
3062 2774 2481
2575 2483 2552
2646 2552 2483
2553 2483 2575
2483 2553 2847
2687 2485 2813
3025 2489 2576
2489 2624 2707
2624 2489 3025
2724 2490 2537
2491 2749 2778
2491 3122 2749
2492 2785 3039
2602 2797 2498
2498 3031 2602
2797 2745 2498
2745 2854 2498
2501 2500 2906
2500 2873 2906
2591 2502 3095
2814 3095 2502
3119 2814 2502
2923 2504 3042
2504 2923 3069
3107 2505 2766
3107 3069 2505
2623 2832 2506
2832 3093 2506
2507 3117 3088
2508 2648 2643
2531 2511 2512
2531 3123 2511
2512 2514 2531
2513 2986 2515
2516 2726 2635
2606 2965 2519
2914 2521 2934
3080 3123 2531
2578 2815 2535
2539 2849 2642
2550 2549 2540
2550 2540 2867
2541 2542 2549
2632 2542 2541
2541 2549 2550
2541 2550 2686
2542 2551 2549
2542 2884 2551
2632 2884 2542
2610 2544 2586
2550 2867 2686
2884 2708 2551
2552 2646 2564
2791 2761 2556
2924 2791 2556
2561 2687 2557
2859 2561 2557
2578 2859 2557
3034 2560 2851
2719 2572 3010
2573 3019 2594
2610 2586 2810
2701 2591 2766
2766 2591 2879
3019 2957 2594
3031 2627 2602
2723 2624 2612
2723 2612 3112
2723 2707 2624
2624 3025 2821
2851 2631 2948
2639 2641 2732
2824 2732 2641
2650 2700 2678
2650 2823 2752
2678 2700 2654
3089 2900 2658
2658 2900 3098
3114 2658 2954
3114 3089 2658
2682 3125 2700
2682 2993 3125
2966 2683 2701
2686 2867 2815
2688 2771 2877
2699 2951 3119
2966 2701 2766
2787 2843 2705
2843 2797 2705
2834 2823 2709
2717 2750 2937
3010 2776 2719
2731 2912 3065
2938 2980 2735
2738 2970 3035
2745 2797 2843
2850 2854 2745
2939 2981 2750
2758 2755 2881
2755 2898 2881
2766 2879 2915
3107 2766 2915
2859 2796 2767
2769 2981 2939
3072 2805 2943
2854 2850 2819
2850 2900 2819
2819 2900 3089
2827 2837 2855
2841 3036 2963
3123 3080 2842
2955 2864 2963
2868 2930 3032
2930 2868 3117
2898 3077 2881
3000 2893 2899
3035 2970 2910
2917 2936 2994
2980 2938 3055
2942 2987 2947
2947 2987 3057
3036 2955 2963